accession_code,protein_length,antigen_presenting_protein,allele,seq_num,start,end,length,peptide,core,icore,score,rank
MT872635,433,MHC-I,HLA-A*02:01,1,213,221,9,FLDLPLPWL,FLDLPLPWL,FLDLPLPWL,0.8823,0.04
MT872635,433,MHC-I,HLA-A*02:01,1,346,354,9,HVLGRLITV,HVLGRLITV,HVLGRLITV,0.839721,0.06
MT872635,433,MHC-I,HLA-B*44:02,1,369,377,9,AEPPFGDSY,AEPPFGDSY,AEPPFGDSY,0.820756,0.05
MT872635,433,MHC-I,HLA-B*44:02,1,12,20,9,VEGVSGGSW,VEGVSGGSW,VEGVSGGSW,0.776427,0.06
MT872635,433,MHC-I,HLA-A*02:01,1,350,358,9,RLITVNPIV,RLITVNPIV,RLITVNPIV,0.687202,0.14
MT872635,433,MHC-I,HLA-A*02:01,1,424,432,9,SLGGVFTSI,SLGGVFTSI,SLGGVFTSI,0.658662,0.16
MT872635,433,MHC-I,HLA-B*44:02,1,48,56,9,TEAKQPATL,TEAKQPATL,TEAKQPATL,0.65077,0.12
MT872635,433,MHC-I,HLA-B*44:02,1,359,367,9,TEKDAPVNI,TEKDAPVNI,TEKDAPVNI,0.568969,0.15
MT872635,433,MHC-I,HLA-A*02:01,1,200,208,9,QMEDKAWLV,QMEDKAWLV,QMEDKAWLV,0.438749,0.32
MT872635,433,MHC-I,HLA-A*02:01,1,206,214,9,WLVHRQWFL,WLVHRQWFL,WLVHRQWFL,0.428694,0.33
MT872635,433,MHC-I,HLA-B*44:02,1,313,321,9,AETQHGTIV,AETQHGTIV,AETQHGTIV,0.352918,0.31
MT872635,433,MHC-I,HLA-A*02:01,1,190,198,9,GLDFNEMVL,GLDFNEMVL,GLDFNEMVL,0.343146,0.46
MT872635,433,MHC-I,HLA-B*44:02,1,256,264,9,QEGAMHTAL,QEGAMHTAL,QEGAMHTAL,0.319384,0.34
MT872635,433,MHC-I,HLA-B*44:02,1,83,91,9,NEEQDKRFI,NEEQDKRFI,NEEQDKRFI,0.2825,0.37
MT872635,433,MHC-I,HLA-A*02:01,1,33,41,9,TMAKNKPTL,TMAKNKPTL,TMAKNKPTL,0.277221,0.59
MT872635,433,MHC-I,HLA-A*02:01,1,23,31,9,IVLEHGSCV,IVLEHGSCV,IVLEHGSCV,0.207137,0.77
MT872635,433,MHC-I,HLA-A*02:01,1,199,207,9,LQMEDKAWL,LQMEDKAWL,LQMEDKAWL,0.183398,0.87
MT872635,433,MHC-I,HLA-B*44:02,1,183,191,9,MECSPRTGL,MECSPRTGL,MECSPRTGL,0.183284,0.52
MT872635,433,MHC-I,HLA-A*02:01,1,259,267,9,AMHTALTGA,AMHTALTGA,AMHTALTGA,0.145957,1.1
MT872635,433,MHC-I,HLA-B*44:02,1,173,181,9,AELTGYGTV,AELTGYGTV,AELTGYGTV,0.121889,0.65
MT872635,433,MHC-I,HLA-A*02:01,1,277,285,9,LLFTGHLKC,LLFTGHLKC,LLFTGHLKC,0.104357,1.4
MT872635,433,MHC-I,HLA-A*02:01,1,210,218,9,RQWFLDLPL,RQWFLDLPL,RQWFLDLPL,0.099035,1.4
MT872635,433,MHC-I,HLA-A*02:01,1,357,365,9,IVTEKDAPV,IVTEKDAPV,IVTEKDAPV,0.097524,1.4
MT872635,433,MHC-I,HLA-A*02:01,1,106,114,9,GLFGKGGIV,GLFGKGGIV,GLFGKGGIV,0.09515,1.4
MT872635,433,MHC-I,HLA-A*02:01,1,40,48,9,TLDFELIKT,TLDFELIKT,TLDFELIKT,0.088421,1.5
MT872635,433,MHC-I,HLA-A*02:01,1,270,278,9,IQMSSGNLL,IQMSSGNLL,IQMSSGNLL,0.083296,1.6
MT872635,433,MHC-I,HLA-A*02:01,1,300,308,9,SMCTGKFKI,SMCTGKFKI,SMCTGKFKI,0.078202,1.6
MT872635,433,MHC-I,HLA-B*44:02,1,51,59,9,KQPATLRKY,KQPATLRKY,KQPATLRKY,0.071568,0.88
MT872635,433,MHC-I,HLA-B*44:02,1,204,212,9,KAWLVHRQW,KAWLVHRQW,KAWLVHRQW,0.071561,0.88
MT872635,433,MHC-I,HLA-A*02:01,1,381,389,9,GVEPGQLKL,GVEPGQLKL,GVEPGQLKL,0.07122,1.7
MT872635,433,MHC-I,HLA-B*44:02,1,232,240,9,IQKETLVTF,IQKETLVTF,IQKETLVTF,0.062579,0.95
MT872635,433,MHC-I,HLA-B*44:02,1,201,209,9,MEDKAWLVH,MEDKAWLVH,MEDKAWLVH,0.06093,0.95
MT872635,433,MHC-I,HLA-A*02:01,1,286,294,9,RLRMDKLQL,RLRMDKLQL,RLRMDKLQL,0.057295,2
MT872635,433,MHC-I,HLA-A*02:01,1,232,240,9,IQKETLVTF,IQKETLVTF,IQKETLVTF,0.054987,2
MT872635,433,MHC-I,HLA-A*02:01,1,307,315,9,KIVKEIAET,KIVKEIAET,KIVKEIAET,0.050861,2.1
MT872635,433,MHC-I,HLA-A*02:01,1,293,301,9,QLKGMSYSM,QLKGMSYSM,QLKGMSYSM,0.042083,2.4
MT872635,433,MHC-I,HLA-B*44:02,1,160,168,9,KEIKITPQS,KEIKITPQS,KEIKITPQS,0.036954,1.4
MT872635,433,MHC-I,HLA-A*02:01,1,197,205,9,VLLQMEDKA,VLLQMEDKA,VLLQMEDKA,0.036938,2.6
MT872635,433,MHC-I,HLA-B*44:02,1,383,391,9,EPGQLKLNW,EPGQLKLNW,EPGQLKLNW,0.036585,1.4
MT872635,433,MHC-I,HLA-B*44:02,1,340,348,9,TDLEKRHVL,TDLEKRHVL,TDLEKRHVL,0.035307,1.4
MT872635,433,MHC-I,HLA-A*02:01,1,271,279,9,QMSSGNLLF,QMSSGNLLF,QMSSGNLLF,0.035116,2.6
MT872635,433,MHC-I,HLA-A*02:01,1,55,63,9,TLRKYCIEA,TLRKYCIEA,TLRKYCIEA,0.035061,2.6
MT872635,433,MHC-I,HLA-B*44:02,1,93,101,9,KHSMVDRGW,KHSMVDRGW,KHSMVDRGW,0.029679,1.5
MT872635,433,MHC-I,HLA-B*44:02,1,310,318,9,KEIAETQHG,KEIAETQHG,KEIAETQHG,0.029482,1.5
MT872635,433,MHC-I,HLA-B*44:02,1,223,231,9,GADTQGSNW,GADTQGSNW,GADTQGSNW,0.029463,1.5
MT872635,433,MHC-I,HLA-A*02:01,1,334,342,9,KIPFEITDL,KIPFEITDL,KIPFEITDL,0.027308,3
MT872635,433,MHC-I,HLA-A*02:01,1,255,263,9,SQEGAMHTA,SQEGAMHTA,SQEGAMHTA,0.025543,3.1
MT872635,433,MHC-I,HLA-B*44:02,1,84,92,9,EEQDKRFIC,EEQDKRFIC,EEQDKRFIC,0.022583,1.8
MT872635,433,MHC-I,HLA-A*02:01,1,117,125,9,AMFTCKKNM,AMFTCKKNM,AMFTCKKNM,0.019896,3.5
MT872635,433,MHC-I,HLA-B*44:02,1,412,420,9,MAILGDTAW,MAILGDTAW,MAILGDTAW,0.019776,1.9
MT872635,433,MHC-I,HLA-A*02:01,1,414,422,9,ILGDTAWDF,ILGDTAWDF,ILGDTAWDF,0.019491,3.6
MT872635,433,MHC-I,HLA-A*02:01,1,339,347,9,ITDLEKRHV,ITDLEKRHV,ITDLEKRHV,0.01862,3.6
MT872635,433,MHC-I,HLA-A*02:01,1,130,138,9,VQPENLEYT,VQPENLEYT,VQPENLEYT,0.017916,3.7
MT872635,433,MHC-I,HLA-B*44:02,1,129,137,9,IVQPENLEY,IVQPENLEY,IVQPENLEY,0.0167,2.1
MT872635,433,MHC-I,HLA-B*44:02,1,35,43,9,AKNKPTLDF,AKNKPTLDF,AKNKPTLDF,0.016014,2.1
MT872635,433,MHC-I,HLA-A*02:01,1,411,419,9,RMAILGDTA,RMAILGDTA,RMAILGDTA,0.015326,4
MT872635,433,MHC-I,HLA-B*44:02,1,135,143,9,LEYTIVITP,LEYTIVITP,LEYTIVITP,0.012012,2.4
MT872635,433,MHC-I,HLA-B*44:02,1,326,334,9,YEGDGSPCK,YEGDGSPCK,YEGDGSPCK,0.011242,2.5
MT872635,433,MHC-I,HLA-B*44:02,1,318,326,9,GTIVIRVQY,GTIVIRVQY,GTIVIRVQY,0.011212,2.5
MT872635,433,MHC-I,HLA-A*02:01,1,129,137,9,IVQPENLEY,IVQPENLEY,IVQPENLEY,0.010973,4.8
MT872635,433,MHC-I,HLA-B*44:02,1,271,279,9,QMSSGNLLF,QMSSGNLLF,QMSSGNLLF,0.010762,2.6
MT872635,433,MHC-I,HLA-B*44:02,1,291,299,9,KLQLKGMSY,KLQLKGMSY,KLQLKGMSY,0.010303,2.6
MT872635,433,MHC-I,HLA-A*02:01,1,251,259,9,VVLGSQEGA,VVLGSQEGA,VVLGSQEGA,0.009174,5.2
MT872635,433,MHC-I,HLA-A*02:01,1,189,197,9,TGLDFNEMV,TGLDFNEMV,TGLDFNEMV,0.009097,5.2
MT872635,433,MHC-I,HLA-B*44:02,1,289,297,9,MDKLQLKGM,MDKLQLKGM,MDKLQLKGM,0.00907,2.8
MT872635,433,MHC-I,HLA-B*44:02,1,270,278,9,IQMSSGNLL,IQMSSGNLL,IQMSSGNLL,0.008945,2.8
MT872635,433,MHC-I,HLA-A*02:01,1,64,72,9,KLTNTTTES,KLTNTTTES,KLTNTTTES,0.007902,5.6
MT872635,433,MHC-I,HLA-B*44:02,1,147,155,9,EEHAVGNDT,EEHAVGNDT,EEHAVGNDT,0.007519,3.1
MT872635,433,MHC-I,HLA-B*44:02,1,61,69,9,IEAKLTNTT,IEAKLTNTT,IEAKLTNTT,0.007462,3.1
MT872635,433,MHC-I,HLA-B*44:02,1,268,276,9,TEIQMSSGN,TEIQMSSGN,TEIQMSSGN,0.007291,3.1
MT872635,433,MHC-I,HLA-A*02:01,1,400,408,9,QMFETTMRG,QMFETTMRG,QMFETTMRG,0.007092,5.9
MT872635,433,MHC-I,HLA-A*02:01,1,353,361,9,TVNPIVTEK,TVNPIVTEK,TVNPIVTEK,0.006382,6.2
MT872635,433,MHC-I,HLA-A*02:01,1,397,405,9,SIGQMFETT,SIGQMFETT,SIGQMFETT,0.006191,6.3
MT872635,433,MHC-I,HLA-A*02:01,1,124,132,9,NMEGKIVQP,NMEGKIVQP,NMEGKIVQP,0.005332,6.7
MT872635,433,MHC-I,HLA-B*44:02,1,198,206,9,LLQMEDKAW,LLQMEDKAW,LLQMEDKAW,0.005202,3.6
MT872635,433,MHC-I,HLA-A*02:01,1,379,387,9,IVGVEPGQL,IVGVEPGQL,IVGVEPGQL,0.00519,6.8
MT872635,433,MHC-I,HLA-B*44:02,1,171,179,9,TEAELTGYG,TEAELTGYG,TEAELTGYG,0.004738,3.8
MT872635,433,MHC-I,HLA-A*02:01,1,252,260,9,VLGSQEGAM,VLGSQEGAM,VLGSQEGAM,0.004724,7.1
MT872635,433,MHC-I,HLA-B*44:02,1,304,312,9,GKFKIVKEI,GKFKIVKEI,GKFKIVKEI,0.004641,3.8
MT872635,433,MHC-I,HLA-B*44:02,1,394,402,9,KGSSIGQMF,KGSSIGQMF,KGSSIGQMF,0.004635,3.8
MT872635,433,MHC-I,HLA-A*02:01,1,396,404,9,SSIGQMFET,SSIGQMFET,SSIGQMFET,0.004617,7.2
MT872635,433,MHC-I,HLA-B*44:02,1,212,220,9,WFLDLPLPW,WFLDLPLPW,WFLDLPLPW,0.004438,3.9
MT872635,433,MHC-I,HLA-A*02:01,1,108,116,9,FGKGGIVTC,FGKGGIVTC,FGKGGIVTC,0.004336,7.4
MT872635,433,MHC-I,HLA-A*02:01,1,51,59,9,KQPATLRKY,KQPATLRKY,KQPATLRKY,0.004179,7.5
MT872635,433,MHC-I,HLA-B*44:02,1,199,207,9,LQMEDKAWL,LQMEDKAWL,LQMEDKAWL,0.004139,4.1
MT872635,433,MHC-I,HLA-B*44:02,1,85,93,9,EQDKRFICK,EQDKRFICK,EQDKRFICK,0.004132,4.1
MT872635,433,MHC-I,HLA-A*02:01,1,181,189,9,VTMECSPRT,VTMECSPRT,VTMECSPRT,0.004066,7.6
MT872635,433,MHC-I,HLA-B*44:02,1,70,78,9,TESRCPTQG,TESRCPTQG,TESRCPTQG,0.003984,4.1
MT872635,433,MHC-I,HLA-B*44:02,1,245,253,9,AKKQDVVVL,AKKQDVVVL,AKKQDVVVL,0.003974,4.1
MT872635,433,MHC-I,HLA-A*02:01,1,262,270,9,TALTGATEI,TALTGATEI,TALTGATEI,0.003844,7.8
MT872635,433,MHC-I,HLA-A*02:01,1,216,224,9,LPLPWLPGA,LPLPWLPGA,LPLPWLPGA,0.003747,7.9
MT872635,433,MHC-I,HLA-A*02:01,1,291,299,9,KLQLKGMSY,KLQLKGMSY,KLQLKGMSY,0.003739,7.9
MT872635,433,MHC-I,HLA-B*44:02,1,194,202,9,NEMVLLQME,NEMVLLQME,NEMVLLQME,0.003622,4.3
MT872635,433,MHC-I,HLA-B*44:02,1,255,263,9,SQEGAMHTA,SQEGAMHTA,SQEGAMHTA,0.003371,4.5
MT872635,433,MHC-I,HLA-B*44:02,1,234,242,9,KETLVTFKN,KETLVTFKN,KETLVTFKN,0.003304,4.5
MT872635,433,MHC-I,HLA-B*44:02,1,43,51,9,FELIKTEAK,FELIKTEAK,FELIKTEAK,0.003126,4.7
MT872635,433,MHC-I,HLA-B*44:02,1,337,345,9,FEITDLEKR,FEITDLEKR,FEITDLEKR,0.00311,4.7
MT872635,433,MHC-I,HLA-B*44:02,1,224,232,9,ADTQGSNWI,ADTQGSNWI,ADTQGSNWI,0.003066,4.7
MT872635,433,MHC-I,HLA-A*02:01,1,279,287,9,FTGHLKCRL,FTGHLKCRL,FTGHLKCRL,0.002804,8.9
MT872635,433,MHC-I,HLA-A*02:01,1,237,245,9,LVTFKNPHA,LVTFKNPHA,LVTFKNPHA,0.0028,8.9
MT872635,433,MHC-I,HLA-A*02:01,1,163,171,9,KITPQSSTT,KITPQSSTT,KITPQSSTT,0.002794,8.9
MT872635,433,MHC-I,HLA-A*02:01,1,264,272,9,LTGATEIQM,LTGATEIQM,LTGATEIQM,0.002768,9
MT872635,433,MHC-I,HLA-B*44:02,1,132,140,9,PENLEYTIV,PENLEYTIV,PENLEYTIV,0.002699,5
MT872635,433,MHC-I,HLA-B*44:02,1,50,58,9,AKQPATLRK,AKQPATLRK,AKQPATLRK,0.002602,5.1
MT872635,433,MHC-I,HLA-A*02:01,1,81,89,9,SLNEEQDKR,SLNEEQDKR,SLNEEQDKR,0.002535,9.3
MT872635,433,MHC-I,HLA-A*02:01,1,99,107,9,RGWGNGCGL,RGWGNGCGL,RGWGNGCGL,0.002523,9.3
MT872635,433,MHC-I,HLA-A*02:01,1,315,323,9,TQHGTIVIR,TQHGTIVIR,TQHGTIVIR,0.002489,9.4
MT872635,433,MHC-I,HLA-A*02:01,1,229,237,9,SNWIQKETL,SNWIQKETL,SNWIQKETL,0.002474,9.4
MT872635,433,MHC-I,HLA-B*44:02,1,26,34,9,EHGSCVTTM,EHGSCVTTM,EHGSCVTTM,0.002433,5.3
MT872635,433,MHC-I,HLA-B*44:02,1,316,324,9,QHGTIVIRV,QHGTIVIRV,QHGTIVIRV,0.002429,5.3
MT872635,433,MHC-I,HLA-B*44:02,1,361,369,9,KDAPVNIEA,KDAPVNIEA,KDAPVNIEA,0.002414,5.3
MT872635,433,MHC-I,HLA-B*44:02,1,125,133,9,MEGKIVQPE,MEGKIVQPE,MEGKIVQPE,0.002369,5.3
MT872635,433,MHC-I,HLA-A*02:01,1,175,183,9,LTGYGTVTM,LTGYGTVTM,LTGYGTVTM,0.002318,9.6
MT872635,433,MHC-I,HLA-A*02:01,1,134,142,9,NLEYTIVIT,NLEYTIVIT,NLEYTIVIT,0.002285,9.7
MT872635,433,MHC-I,HLA-A*02:01,1,230,238,9,NWIQKETLV,NWIQKETLV,NWIQKETLV,0.002243,9.8
MT872635,433,MHC-I,HLA-A*02:01,1,244,252,9,HAKKQDVVV,HAKKQDVVV,HAKKQDVVV,0.002217,9.9
MT872635,433,MHC-I,HLA-A*02:01,1,7,15,9,SNRDFVEGV,SNRDFVEGV,SNRDFVEGV,0.002161,10
MT872635,433,MHC-I,HLA-B*44:02,1,381,389,9,GVEPGQLKL,GVEPGQLKL,GVEPGQLKL,0.002136,5.6
MT872635,433,MHC-I,HLA-A*02:01,1,331,339,9,SPCKIPFEI,SPCKIPFEI,SPCKIPFEI,0.002074,11
MT872635,433,MHC-I,HLA-A*02:01,1,137,145,9,YTIVITPHS,YTIVITPHS,YTIVITPHS,0.002057,11
MT872635,433,MHC-I,HLA-A*02:01,1,167,175,9,QSSTTEAEL,QSSTTEAEL,QSSTTEAEL,0.002003,11
MT872635,433,MHC-I,HLA-B*44:02,1,78,86,9,GEPSLNEEQ,GEPSLNEEQ,GEPSLNEEQ,0.001933,5.9
MT872635,433,MHC-I,HLA-A*02:01,1,340,348,9,TDLEKRHVL,TDLEKRHVL,TDLEKRHVL,0.001856,11
MT872635,433,MHC-I,HLA-A*02:01,1,48,56,9,TEAKQPATL,TEAKQPATL,TEAKQPATL,0.001823,11
MT872635,433,MHC-I,HLA-B*44:02,1,33,41,9,TMAKNKPTL,TMAKNKPTL,TMAKNKPTL,0.001788,6.1
MT872635,433,MHC-I,HLA-A*02:01,1,423,431,9,GSLGGVFTS,GSLGGVFTS,GSLGGVFTS,0.001783,11
MT872635,433,MHC-I,HLA-B*44:02,1,229,237,9,SNWIQKETL,SNWIQKETL,SNWIQKETL,0.001744,6.2
MT872635,433,MHC-I,HLA-B*44:02,1,342,350,9,LEKRHVLGR,LEKRHVLGR,LEKRHVLGR,0.001739,6.2
MT872635,433,MHC-I,HLA-B*44:02,1,191,199,9,LDFNEMVLL,LDFNEMVLL,LDFNEMVLL,0.001725,6.2
MT872635,433,MHC-I,HLA-A*02:01,1,191,199,9,LDFNEMVLL,LDFNEMVLL,LDFNEMVLL,0.001708,12
MT872635,433,MHC-I,HLA-B*44:02,1,353,361,9,TVNPIVTEK,TVNPIVTEK,TVNPIVTEK,0.001697,6.3
MT872635,433,MHC-I,HLA-A*02:01,1,374,382,9,GDSYIIVGV,GDSYIIVGV,GDSYIIVGV,0.001695,12
MT872635,433,MHC-I,HLA-B*44:02,1,86,94,9,QDKRFICKH,QDKRFICKH,QDKRFICKH,0.001666,6.3
MT872635,433,MHC-I,HLA-B*44:02,1,404,412,9,TTMRGAKRM,TTMRGAKRM,TTMRGAKRM,0.001648,6.4
MT872635,433,MHC-I,HLA-B*44:02,1,170,178,9,TTEAELTGY,TTEAELTGY,TTEAELTGY,0.001603,6.5
MT872635,433,MHC-I,HLA-A*02:01,1,385,393,9,GQLKLNWFK,GQLKLNWFK,GQLKLNWFK,0.001534,12
MT872635,433,MHC-I,HLA-B*44:02,1,315,323,9,TQHGTIVIR,TQHGTIVIR,TQHGTIVIR,0.001524,6.6
MT872635,433,MHC-I,HLA-A*02:01,1,324,332,9,VQYEGDGSP,VQYEGDGSP,VQYEGDGSP,0.001511,12
MT872635,433,MHC-I,HLA-A*02:01,1,390,398,9,NWFKKGSSI,NWFKKGSSI,NWFKKGSSI,0.001457,12
MT872635,433,MHC-I,HLA-A*02:01,1,247,255,9,KQDVVVLGS,KQDVVVLGS,KQDVVVLGS,0.001452,12
MT872635,433,MHC-I,HLA-B*44:02,1,82,90,9,LNEEQDKRF,LNEEQDKRF,LNEEQDKRF,0.00143,6.8
MT872635,433,MHC-I,HLA-B*44:02,1,402,410,9,FETTMRGAK,FETTMRGAK,FETTMRGAK,0.001415,6.8
MT872635,433,MHC-I,HLA-A*02:01,1,399,407,9,GQMFETTMR,GQMFETTMR,GQMFETTMR,0.001409,12
MT872635,433,MHC-I,HLA-A*02:01,1,4,12,9,IGISNRDFV,IGISNRDFV,IGISNRDFV,0.00139,13
MT872635,433,MHC-I,HLA-A*02:01,1,288,296,9,RMDKLQLKG,RMDKLQLKG,RMDKLQLKG,0.001378,13
MT872635,433,MHC-I,HLA-B*44:02,1,25,33,9,LEHGSCVTT,LEHGSCVTT,LEHGSCVTT,0.001343,7
MT872635,433,MHC-I,HLA-B*44:02,1,210,218,9,RQWFLDLPL,RQWFLDLPL,RQWFLDLPL,0.001325,7
MT872635,433,MHC-I,HLA-A*02:01,1,316,324,9,QHGTIVIRV,QHGTIVIRV,QHGTIVIRV,0.00131,13
MT872635,433,MHC-I,HLA-A*02:01,1,311,319,9,EIAETQHGT,EIAETQHGT,EIAETQHGT,0.001304,13
MT872635,433,MHC-I,HLA-A*02:01,1,24,32,9,VLEHGSCVT,VLEHGSCVT,VLEHGSCVT,0.001299,13
MT872635,433,MHC-I,HLA-B*44:02,1,156,164,9,GKHGKEIKI,GKHGKEIKI,GKHGKEIKI,0.001277,7.2
MT872635,433,MHC-I,HLA-A*02:01,1,359,367,9,TEKDAPVNI,TEKDAPVNI,TEKDAPVNI,0.001268,13
MT872635,433,MHC-I,HLA-A*02:01,1,238,246,9,VTFKNPHAK,VTFKNPHAK,VTFKNPHAK,0.001268,13
MT872635,433,MHC-I,HLA-B*44:02,1,367,375,9,IEAEPPFGD,IEAEPPFGD,IEAEPPFGD,0.001251,7.2
MT872635,433,MHC-I,HLA-B*44:02,1,331,339,9,SPCKIPFEI,SPCKIPFEI,SPCKIPFEI,0.001232,7.3
MT872635,433,MHC-I,HLA-A*02:01,1,352,360,9,ITVNPIVTE,ITVNPIVTE,ITVNPIVTE,0.001215,13
MT872635,433,MHC-I,HLA-B*44:02,1,49,57,9,EAKQPATLR,EAKQPATLR,EAKQPATLR,0.001211,7.3
MT872635,433,MHC-I,HLA-B*44:02,1,374,382,9,GDSYIIVGV,GDSYIIVGV,GDSYIIVGV,0.001149,7.5
MT872635,433,MHC-I,HLA-B*44:02,1,421,429,9,DFGSLGGVF,DFGSLGGVF,DFGSLGGVF,0.001143,7.6
MT872635,433,MHC-I,HLA-A*02:01,1,292,300,9,LQLKGMSYS,LQLKGMSYS,LQLKGMSYS,0.001137,14
MT872635,433,MHC-I,HLA-A*02:01,1,133,141,9,ENLEYTIVI,ENLEYTIVI,ENLEYTIVI,0.001115,14
MT872635,433,MHC-I,HLA-A*02:01,1,314,322,9,ETQHGTIVI,ETQHGTIVI,ETQHGTIVI,0.001112,14
MT872635,433,MHC-I,HLA-A*02:01,1,19,27,9,SWVDIVLEH,SWVDIVLEH,SWVDIVLEH,0.001092,14
MT872635,433,MHC-I,HLA-A*02:01,1,272,280,9,MSSGNLLFT,MSSGNLLFT,MSSGNLLFT,0.001076,14
MT872635,433,MHC-I,HLA-B*44:02,1,314,322,9,ETQHGTIVI,ETQHGTIVI,ETQHGTIVI,0.001057,7.8
MT872635,433,MHC-I,HLA-B*44:02,1,365,373,9,VNIEAEPPF,VNIEAEPPF,VNIEAEPPF,0.001052,7.8
MT872635,433,MHC-I,HLA-A*02:01,1,361,369,9,KDAPVNIEA,KDAPVNIEA,KDAPVNIEA,0.001048,14
MT872635,433,MHC-I,HLA-B*44:02,1,19,27,9,SWVDIVLEH,SWVDIVLEH,SWVDIVLEH,0.001036,7.9
MT872635,433,MHC-I,HLA-A*02:01,1,188,196,9,RTGLDFNEM,RTGLDFNEM,RTGLDFNEM,0.001014,14
MT872635,433,MHC-I,HLA-A*02:01,1,17,25,9,GGSWVDIVL,GGSWVDIVL,GGSWVDIVL,0.001006,14
MT872635,433,MHC-I,HLA-A*02:01,1,287,295,9,LRMDKLQLK,LRMDKLQLK,LRMDKLQLK,0.000986,14
MT872635,433,MHC-I,HLA-A*02:01,1,276,284,9,NLLFTGHLK,NLLFTGHLK,NLLFTGHLK,0.000942,15
MT872635,433,MHC-I,HLA-B*44:02,1,385,393,9,GQLKLNWFK,GQLKLNWFK,GQLKLNWFK,0.00094,8.2
MT872635,433,MHC-I,HLA-B*44:02,1,127,135,9,GKIVQPENL,GKIVQPENL,GKIVQPENL,0.000926,8.2
MT872635,433,MHC-I,HLA-B*44:02,1,262,270,9,TALTGATEI,TALTGATEI,TALTGATEI,0.000914,8.3
MT872635,433,MHC-I,HLA-A*02:01,1,198,206,9,LLQMEDKAW,LLQMEDKAW,LLQMEDKAW,0.000892,15
MT872635,433,MHC-I,HLA-B*44:02,1,205,213,9,AWLVHRQWF,AWLVHRQWF,AWLVHRQWF,0.000888,8.4
MT872635,433,MHC-I,HLA-B*44:02,1,202,210,9,EDKAWLVHR,EDKAWLVHR,EDKAWLVHR,0.000845,8.6
MT872635,433,MHC-I,HLA-B*44:02,1,88,96,9,KRFICKHSM,KRFICKHSM,KRFICKHSM,0.000837,8.7
MT872635,433,MHC-I,HLA-A*02:01,1,245,253,9,AKKQDVVVL,AKKQDVVVL,AKKQDVVVL,0.000828,15
MT872635,433,MHC-I,HLA-B*44:02,1,338,346,9,EITDLEKRH,EITDLEKRH,EITDLEKRH,0.00082,8.7
MT872635,433,MHC-I,HLA-B*44:02,1,298,306,9,SYSMCTGKF,SYSMCTGKF,SYSMCTGKF,0.000812,8.8
MT872635,433,MHC-I,HLA-B*44:02,1,327,335,9,EGDGSPCKI,EGDGSPCKI,EGDGSPCKI,0.00081,8.8
MT872635,433,MHC-I,HLA-B*44:02,1,293,301,9,QLKGMSYSM,QLKGMSYSM,QLKGMSYSM,0.000793,8.9
MT872635,433,MHC-I,HLA-A*02:01,1,318,326,9,GTIVIRVQY,GTIVIRVQY,GTIVIRVQY,0.000786,16
MT872635,433,MHC-I,HLA-B*44:02,1,344,352,9,KRHVLGRLI,KRHVLGRLI,KRHVLGRLI,0.000781,8.9
MT872635,433,MHC-I,HLA-B*44:02,1,117,125,9,AMFTCKKNM,AMFTCKKNM,AMFTCKKNM,0.000776,9
MT872635,433,MHC-I,HLA-B*44:02,1,200,208,9,QMEDKAWLV,QMEDKAWLV,QMEDKAWLV,0.000774,9
MT872635,433,MHC-I,HLA-A*02:01,1,183,191,9,MECSPRTGL,MECSPRTGL,MECSPRTGL,0.000757,16
MT872635,433,MHC-I,HLA-A*02:01,1,212,220,9,WFLDLPLPW,WFLDLPLPW,WFLDLPLPW,0.000744,16
MT872635,433,MHC-I,HLA-B*44:02,1,7,15,9,SNRDFVEGV,SNRDFVEGV,SNRDFVEGV,0.000734,9.2
MT872635,433,MHC-I,HLA-B*44:02,1,167,175,9,QSSTTEAEL,QSSTTEAEL,QSSTTEAEL,0.000719,9.3
MT872635,433,MHC-I,HLA-A*02:01,1,351,359,9,LITVNPIVT,LITVNPIVT,LITVNPIVT,0.000715,16
MT872635,433,MHC-I,HLA-B*44:02,1,226,234,9,TQGSNWIQK,TQGSNWIQK,TQGSNWIQK,0.000688,9.5
MT872635,433,MHC-I,HLA-B*44:02,1,346,354,9,HVLGRLITV,HVLGRLITV,HVLGRLITV,0.000674,9.6
MT872635,433,MHC-I,HLA-A*02:01,1,304,312,9,GKFKIVKEI,GKFKIVKEI,GKFKIVKEI,0.000674,17
MT872635,433,MHC-I,HLA-A*02:01,1,16,24,9,SGGSWVDIV,SGGSWVDIV,SGGSWVDIV,0.000664,17
MT872635,433,MHC-I,HLA-A*02:01,1,420,428,9,WDFGSLGGV,WDFGSLGGV,WDFGSLGGV,0.00066,17
MT872635,433,MHC-I,HLA-B*44:02,1,399,407,9,GQMFETTMR,GQMFETTMR,GQMFETTMR,0.000656,9.7
MT872635,433,MHC-I,HLA-B*44:02,1,154,162,9,DTGKHGKEI,DTGKHGKEI,DTGKHGKEI,0.000643,9.7
MT872635,433,MHC-I,HLA-A*02:01,1,88,96,9,KRFICKHSM,KRFICKHSM,KRFICKHSM,0.000611,17
MT872635,433,MHC-I,HLA-B*44:02,1,133,141,9,ENLEYTIVI,ENLEYTIVI,ENLEYTIVI,0.000607,10
MT872635,433,MHC-I,HLA-A*02:01,1,231,239,9,WIQKETLVT,WIQKETLVT,WIQKETLVT,0.000605,17
MT872635,433,MHC-I,HLA-A*02:01,1,388,396,9,KLNWFKKGS,KLNWFKKGS,KLNWFKKGS,0.000603,18
MT872635,433,MHC-I,HLA-A*02:01,1,211,219,9,QWFLDLPLP,QWFLDLPLP,QWFLDLPLP,0.000592,18
MT872635,433,MHC-I,HLA-A*02:01,1,76,84,9,TQGEPSLNE,TQGEPSLNE,TQGEPSLNE,0.00059,18
MT872635,433,MHC-I,HLA-A*02:01,1,398,406,9,IGQMFETTM,IGQMFETTM,IGQMFETTM,0.000561,18
MT872635,433,MHC-I,HLA-B*44:02,1,214,222,9,LDLPLPWLP,LDLPLPWLP,LDLPLPWLP,0.00054,11
MT872635,433,MHC-I,HLA-A*02:01,1,112,120,9,GIVTCAMFT,GIVTCAMFT,GIVTCAMFT,0.000532,18
MT872635,433,MHC-I,HLA-A*02:01,1,226,234,9,TQGSNWIQK,TQGSNWIQK,TQGSNWIQK,0.000531,18
MT872635,433,MHC-I,HLA-A*02:01,1,407,415,9,RGAKRMAIL,RGAKRMAIL,RGAKRMAIL,0.000525,18
MT872635,433,MHC-I,HLA-A*02:01,1,417,425,9,DTAWDFGSL,DTAWDFGSL,DTAWDFGSL,0.00052,19
MT872635,433,MHC-I,HLA-A*02:01,1,47,55,9,KTEAKQPAT,KTEAKQPAT,KTEAKQPAT,0.000516,19
MT872635,433,MHC-I,HLA-B*44:02,1,382,390,9,VEPGQLKLN,VEPGQLKLN,VEPGQLKLN,0.000514,11
MT872635,433,MHC-I,HLA-B*44:02,1,300,308,9,SMCTGKFKI,SMCTGKFKI,SMCTGKFKI,0.000514,11
MT872635,433,MHC-I,HLA-A*02:01,1,308,316,9,IVKEIAETQ,IVKEIAETQ,IVKEIAETQ,0.000512,19
MT872635,433,MHC-I,HLA-B*44:02,1,414,422,9,ILGDTAWDF,ILGDTAWDF,ILGDTAWDF,0.000508,11
MT872635,433,MHC-I,HLA-B*44:02,1,424,432,9,SLGGVFTSI,SLGGVFTSI,SLGGVFTSI,0.000506,11
MT872635,433,MHC-I,HLA-A*02:01,1,263,271,9,ALTGATEIQ,ALTGATEIQ,ALTGATEIQ,0.000505,19
MT872635,433,MHC-I,HLA-A*02:01,1,405,413,9,TMRGAKRMA,TMRGAKRMA,TMRGAKRMA,0.000498,19
MT872635,433,MHC-I,HLA-B*44:02,1,122,130,9,KKNMEGKIV,KKNMEGKIV,KKNMEGKIV,0.000496,11
MT872635,433,MHC-I,HLA-A*02:01,1,254,262,9,GSQEGAMHT,GSQEGAMHT,GSQEGAMHT,0.000496,19
MT872635,433,MHC-I,HLA-B*44:02,1,74,82,9,CPTQGEPSL,CPTQGEPSL,CPTQGEPSL,0.000493,11
MT872635,433,MHC-I,HLA-A*02:01,1,37,45,9,NKPTLDFEL,NKPTLDFEL,NKPTLDFEL,0.000484,19
MT872635,433,MHC-I,HLA-A*02:01,1,89,97,9,RFICKHSMV,RFICKHSMV,RFICKHSMV,0.000482,19
MT872635,433,MHC-I,HLA-A*02:01,1,60,68,9,CIEAKLTNT,CIEAKLTNT,CIEAKLTNT,0.000478,19
MT872635,433,MHC-I,HLA-A*02:01,1,266,274,9,GATEIQMSS,GATEIQMSS,GATEIQMSS,0.000476,19
MT872635,433,MHC-I,HLA-B*44:02,1,165,173,9,TPQSSTTEA,TPQSSTTEA,TPQSSTTEA,0.000474,12
MT872635,433,MHC-I,HLA-B*44:02,1,286,294,9,RLRMDKLQL,RLRMDKLQL,RLRMDKLQL,0.000473,12
MT872635,433,MHC-I,HLA-A*02:01,1,204,212,9,KAWLVHRQW,KAWLVHRQW,KAWLVHRQW,0.000463,19
MT872635,433,MHC-I,HLA-A*02:01,1,74,82,9,CPTQGEPSL,CPTQGEPSL,CPTQGEPSL,0.000463,19
MT872635,433,MHC-I,HLA-A*02:01,1,301,309,9,MCTGKFKIV,MCTGKFKIV,MCTGKFKIV,0.000458,20
MT872635,433,MHC-I,HLA-A*02:01,1,193,201,9,FNEMVLLQM,FNEMVLLQM,FNEMVLLQM,0.000455,20
MT872635,433,MHC-I,HLA-A*02:01,1,95,103,9,SMVDRGWGN,SMVDRGWGN,SMVDRGWGN,0.000449,20
MT872635,433,MHC-I,HLA-A*02:01,1,113,121,9,IVTCAMFTC,IVTCAMFTC,IVTCAMFTC,0.000445,20
MT872635,433,MHC-I,HLA-B*44:02,1,131,139,9,QPENLEYTI,QPENLEYTI,QPENLEYTI,0.000444,12
MT872635,433,MHC-I,HLA-A*02:01,1,214,222,9,LDLPLPWLP,LDLPLPWLP,LDLPLPWLP,0.000438,20
MT872635,433,MHC-I,HLA-B*44:02,1,390,398,9,NWFKKGSSI,NWFKKGSSI,NWFKKGSSI,0.000432,12
MT872635,433,MHC-I,HLA-A*02:01,1,378,386,9,IIVGVEPGQ,IIVGVEPGQ,IIVGVEPGQ,0.000428,20
MT872635,433,MHC-I,HLA-B*44:02,1,233,241,9,QKETLVTFK,QKETLVTFK,QKETLVTFK,0.000427,12
MT872635,433,MHC-I,HLA-A*02:01,1,327,335,9,EGDGSPCKI,EGDGSPCKI,EGDGSPCKI,0.000426,20
MT872635,433,MHC-I,HLA-A*02:01,1,269,277,9,EIQMSSGNL,EIQMSSGNL,EIQMSSGNL,0.000421,20
MT872635,433,MHC-I,HLA-B*44:02,1,287,295,9,LRMDKLQLK,LRMDKLQLK,LRMDKLQLK,0.00042,12
MT872635,433,MHC-I,HLA-B*44:02,1,343,351,9,EKRHVLGRL,EKRHVLGRL,EKRHVLGRL,0.000416,12
MT872635,433,MHC-I,HLA-A*02:01,1,173,181,9,AELTGYGTV,AELTGYGTV,AELTGYGTV,0.000414,20
MT872635,433,MHC-I,HLA-B*44:02,1,240,248,9,FKNPHAKKQ,FKNPHAKKQ,FKNPHAKKQ,0.000407,12
MT872635,433,MHC-I,HLA-B*44:02,1,230,238,9,NWIQKETLV,NWIQKETLV,NWIQKETLV,0.000405,12
MT872635,433,MHC-I,HLA-A*02:01,1,313,321,9,AETQHGTIV,AETQHGTIV,AETQHGTIV,0.000405,20
MT872635,433,MHC-I,HLA-A*02:01,1,412,420,9,MAILGDTAW,MAILGDTAW,MAILGDTAW,0.000404,21
MT872635,433,MHC-I,HLA-A*02:01,1,376,384,9,SYIIVGVEP,SYIIVGVEP,SYIIVGVEP,0.000402,21
MT872635,433,MHC-I,HLA-A*02:01,1,128,136,9,KIVQPENLE,KIVQPENLE,KIVQPENLE,0.000399,21
MT872635,433,MHC-I,HLA-A*02:01,1,57,65,9,RKYCIEAKL,RKYCIEAKL,RKYCIEAKL,0.000399,21
MT872635,433,MHC-I,HLA-B*44:02,1,239,247,9,TFKNPHAKK,TFKNPHAKK,TFKNPHAKK,0.000398,12
MT872635,433,MHC-I,HLA-A*02:01,1,369,377,9,AEPPFGDSY,AEPPFGDSY,AEPPFGDSY,0.000398,21
MT872635,433,MHC-I,HLA-A*02:01,1,377,385,9,YIIVGVEPG,YIIVGVEPG,YIIVGVEPG,0.000389,21
MT872635,433,MHC-I,HLA-A*02:01,1,135,143,9,LEYTIVITP,LEYTIVITP,LEYTIVITP,0.000381,21
MT872635,433,MHC-I,HLA-B*44:02,1,238,246,9,VTFKNPHAK,VTFKNPHAK,VTFKNPHAK,0.000377,13
MT872635,433,MHC-I,HLA-A*02:01,1,404,412,9,TTMRGAKRM,TTMRGAKRM,TTMRGAKRM,0.000376,21
MT872635,433,MHC-I,HLA-A*02:01,1,394,402,9,KGSSIGQMF,KGSSIGQMF,KGSSIGQMF,0.000374,21
MT872635,433,MHC-I,HLA-A*02:01,1,422,430,9,FGSLGGVFT,FGSLGGVFT,FGSLGGVFT,0.000363,21
MT872635,433,MHC-I,HLA-A*02:01,1,139,147,9,IVITPHSGE,IVITPHSGE,IVITPHSGE,0.000356,21
MT872635,433,MHC-I,HLA-B*44:02,1,376,384,9,SYIIVGVEP,SYIIVGVEP,SYIIVGVEP,0.000354,13
MT872635,433,MHC-I,HLA-A*02:01,1,236,244,9,TLVTFKNPH,TLVTFKNPH,TLVTFKNPH,0.000353,22
MT872635,433,MHC-I,HLA-A*02:01,1,85,93,9,EQDKRFICK,EQDKRFICK,EQDKRFICK,0.000352,22
MT872635,433,MHC-I,HLA-A*02:01,1,127,135,9,GKIVQPENL,GKIVQPENL,GKIVQPENL,0.000345,22
MT872635,433,MHC-I,HLA-A*02:01,1,50,58,9,AKQPATLRK,AKQPATLRK,AKQPATLRK,0.000345,22
MT872635,433,MHC-I,HLA-B*44:02,1,41,49,9,LDFELIKTE,LDFELIKTE,LDFELIKTE,0.000344,13
MT872635,433,MHC-I,HLA-A*02:01,1,312,320,9,IAETQHGTI,IAETQHGTI,IAETQHGTI,0.000344,22
MT872635,433,MHC-I,HLA-B*44:02,1,281,289,9,GHLKCRLRM,GHLKCRLRM,GHLKCRLRM,0.00034,13
MT872635,433,MHC-I,HLA-B*44:02,1,38,46,9,KPTLDFELI,KPTLDFELI,KPTLDFELI,0.000334,13
MT872635,433,MHC-I,HLA-A*02:01,1,38,46,9,KPTLDFELI,KPTLDFELI,KPTLDFELI,0.000334,22
MT872635,433,MHC-I,HLA-A*02:01,1,15,23,9,VSGGSWVDI,VSGGSWVDI,VSGGSWVDI,0.000317,22
MT872635,433,MHC-I,HLA-A*02:01,1,174,182,9,ELTGYGTVT,ELTGYGTVT,ELTGYGTVT,0.000314,22
MT872635,433,MHC-I,HLA-A*02:01,1,319,327,9,TIVIRVQYE,TIVIRVQYE,TIVIRVQYE,0.000303,23
MT872635,433,MHC-I,HLA-A*02:01,1,337,345,9,FEITDLEKR,FEITDLEKR,FEITDLEKR,0.000302,23
MT872635,433,MHC-I,HLA-A*02:01,1,386,394,9,QLKLNWFKK,QLKLNWFKK,QLKLNWFKK,0.000301,23
MT872635,433,MHC-I,HLA-B*44:02,1,244,252,9,HAKKQDVVV,HAKKQDVVV,HAKKQDVVV,0.000298,14
MT872635,433,MHC-I,HLA-B*44:02,1,329,337,9,DGSPCKIPF,DGSPCKIPF,DGSPCKIPF,0.000292,14
MT872635,433,MHC-I,HLA-A*02:01,1,177,185,9,GYGTVTMEC,GYGTVTMEC,GYGTVTMEC,0.000292,23
MT872635,433,MHC-I,HLA-B*44:02,1,57,65,9,RKYCIEAKL,RKYCIEAKL,RKYCIEAKL,0.000288,14
MT872635,433,MHC-I,HLA-B*44:02,1,339,347,9,ITDLEKRHV,ITDLEKRHV,ITDLEKRHV,0.000279,15
MT872635,433,MHC-I,HLA-B*44:02,1,23,31,9,IVLEHGSCV,IVLEHGSCV,IVLEHGSCV,0.000279,15
MT872635,433,MHC-I,HLA-A*02:01,1,349,357,9,GRLITVNPI,GRLITVNPI,GRLITVNPI,0.000279,23
MT872635,433,MHC-I,HLA-A*02:01,1,131,139,9,QPENLEYTI,QPENLEYTI,QPENLEYTI,0.000278,23
MT872635,433,MHC-I,HLA-A*02:01,1,223,231,9,GADTQGSNW,GADTQGSNW,GADTQGSNW,0.000271,24
MT872635,433,MHC-I,HLA-A*02:01,1,165,173,9,TPQSSTTEA,TPQSSTTEA,TPQSSTTEA,0.000263,24
MT872635,433,MHC-I,HLA-B*44:02,1,242,250,9,NPHAKKQDV,NPHAKKQDV,NPHAKKQDV,0.000256,15
MT872635,433,MHC-I,HLA-A*02:01,1,170,178,9,TTEAELTGY,TTEAELTGY,TTEAELTGY,0.000256,24
MT872635,433,MHC-I,HLA-A*02:01,1,164,172,9,ITPQSSTTE,ITPQSSTTE,ITPQSSTTE,0.000254,24
MT872635,433,MHC-I,HLA-B*44:02,1,152,160,9,GNDTGKHGK,GNDTGKHGK,GNDTGKHGK,0.000251,15
MT872635,433,MHC-I,HLA-A*02:01,1,65,73,9,LTNTTTESR,LTNTTTESR,LTNTTTESR,0.000248,25
MT872635,433,MHC-I,HLA-B*44:02,1,63,71,9,AKLTNTTTE,AKLTNTTTE,AKLTNTTTE,0.000246,15
MT872635,433,MHC-I,HLA-B*44:02,1,247,255,9,KQDVVVLGS,KQDVVVLGS,KQDVVVLGS,0.000241,16
MT872635,433,MHC-I,HLA-B*44:02,1,37,45,9,NKPTLDFEL,NKPTLDFEL,NKPTLDFEL,0.000231,16
MT872635,433,MHC-I,HLA-A*02:01,1,11,19,9,FVEGVSGGS,FVEGVSGGS,FVEGVSGGS,0.000231,25
MT872635,433,MHC-I,HLA-A*02:01,1,275,283,9,GNLLFTGHL,GNLLFTGHL,GNLLFTGHL,0.000229,25
MT872635,433,MHC-I,HLA-B*44:02,1,142,150,9,TPHSGEEHA,TPHSGEEHA,TPHSGEEHA,0.000226,16
MT872635,433,MHC-I,HLA-B*44:02,1,393,401,9,KKGSSIGQM,KKGSSIGQM,KKGSSIGQM,0.000225,16
MT872635,433,MHC-I,HLA-B*44:02,1,136,144,9,EYTIVITPH,EYTIVITPH,EYTIVITPH,0.000224,16
MT872635,433,MHC-I,HLA-B*44:02,1,203,211,9,DKAWLVHRQ,DKAWLVHRQ,DKAWLVHRQ,0.000222,16
MT872635,433,MHC-I,HLA-B*44:02,1,301,309,9,MCTGKFKIV,MCTGKFKIV,MCTGKFKIV,0.000221,16
MT872635,433,MHC-I,HLA-B*44:02,1,158,166,9,HGKEIKITP,HGKEIKITP,HGKEIKITP,0.000212,16
MT872635,433,MHC-I,HLA-A*02:01,1,365,373,9,VNIEAEPPF,VNIEAEPPF,VNIEAEPPF,0.000209,26
MT872635,433,MHC-I,HLA-A*02:01,1,380,388,9,VGVEPGQLK,VGVEPGQLK,VGVEPGQLK,0.000206,26
MT872635,433,MHC-I,HLA-B*44:02,1,420,428,9,WDFGSLGGV,WDFGSLGGV,WDFGSLGGV,0.000204,17
MT872635,433,MHC-I,HLA-A*02:01,1,160,168,9,KEIKITPQS,KEIKITPQS,KEIKITPQS,0.000201,26
MT872635,433,MHC-I,HLA-B*44:02,1,9,17,9,RDFVEGVSG,RDFVEGVSG,RDFVEGVSG,0.000197,17
MT872635,433,MHC-I,HLA-A*02:01,1,32,40,9,TTMAKNKPT,TTMAKNKPT,TTMAKNKPT,0.000193,27
MT872635,433,MHC-I,HLA-B*44:02,1,380,388,9,VGVEPGQLK,VGVEPGQLK,VGVEPGQLK,0.000191,17
MT872635,433,MHC-I,HLA-A*02:01,1,44,52,9,ELIKTEAKQ,ELIKTEAKQ,ELIKTEAKQ,0.000191,27
MT872635,433,MHC-I,HLA-A*02:01,1,42,50,9,DFELIKTEA,DFELIKTEA,DFELIKTEA,0.000189,27
MT872635,433,MHC-I,HLA-B*44:02,1,311,319,9,EIAETQHGT,EIAETQHGT,EIAETQHGT,0.000183,18
MT872635,433,MHC-I,HLA-B*44:02,1,324,332,9,VQYEGDGSP,VQYEGDGSP,VQYEGDGSP,0.000179,18
MT872635,433,MHC-I,HLA-B*44:02,1,81,89,9,SLNEEQDKR,SLNEEQDKR,SLNEEQDKR,0.000179,18
MT872635,433,MHC-I,HLA-A*02:01,1,158,166,9,HGKEIKITP,HGKEIKITP,HGKEIKITP,0.000178,28
MT872635,433,MHC-I,HLA-A*02:01,1,45,53,9,LIKTEAKQP,LIKTEAKQP,LIKTEAKQP,0.000176,28
MT872635,433,MHC-I,HLA-A*02:01,1,284,292,9,KCRLRMDKL,KCRLRMDKL,KCRLRMDKL,0.000174,28
MT872635,433,MHC-I,HLA-B*44:02,1,246,254,9,KKQDVVVLG,KKQDVVVLG,KKQDVVVLG,0.00017,18
MT872635,433,MHC-I,HLA-A*02:01,1,401,409,9,MFETTMRGA,MFETTMRGA,MFETTMRGA,0.000169,28
MT872635,433,MHC-I,HLA-A*02:01,1,256,264,9,QEGAMHTAL,QEGAMHTAL,QEGAMHTAL,0.000169,28
MT872635,433,MHC-I,HLA-A*02:01,1,326,334,9,YEGDGSPCK,YEGDGSPCK,YEGDGSPCK,0.000167,28
MT872635,433,MHC-I,HLA-A*02:01,1,370,378,9,EPPFGDSYI,EPPFGDSYI,EPPFGDSYI,0.000165,28
MT872635,433,MHC-I,HLA-A*02:01,1,140,148,9,VITPHSGEE,VITPHSGEE,VITPHSGEE,0.000163,29
MT872635,433,MHC-I,HLA-B*44:02,1,349,357,9,GRLITVNPI,GRLITVNPI,GRLITVNPI,0.000162,18
MT872635,433,MHC-I,HLA-A*02:01,1,344,352,9,KRHVLGRLI,KRHVLGRLI,KRHVLGRLI,0.000162,29
MT872635,433,MHC-I,HLA-B*44:02,1,269,277,9,EIQMSSGNL,EIQMSSGNL,EIQMSSGNL,0.000161,19
MT872635,433,MHC-I,HLA-B*44:02,1,328,336,9,GDGSPCKIP,GDGSPCKIP,GDGSPCKIP,0.00016,19
MT872635,433,MHC-I,HLA-A*02:01,1,176,184,9,TGYGTVTME,TGYGTVTME,TGYGTVTME,0.000159,29
MT872635,433,MHC-I,HLA-B*44:02,1,188,196,9,RTGLDFNEM,RTGLDFNEM,RTGLDFNEM,0.000158,19
MT872635,433,MHC-I,HLA-A*02:01,1,39,47,9,PTLDFELIK,PTLDFELIK,PTLDFELIK,0.000158,29
MT872635,433,MHC-I,HLA-A*02:01,1,18,26,9,GSWVDIVLE,GSWVDIVLE,GSWVDIVLE,0.000158,29
MT872635,433,MHC-I,HLA-B*44:02,1,76,84,9,TQGEPSLNE,TQGEPSLNE,TQGEPSLNE,0.000155,19
MT872635,433,MHC-I,HLA-B*44:02,1,52,60,9,QPATLRKYC,QPATLRKYC,QPATLRKYC,0.000153,19
MT872635,433,MHC-I,HLA-B*44:02,1,275,283,9,GNLLFTGHL,GNLLFTGHL,GNLLFTGHL,0.000146,19
MT872635,433,MHC-I,HLA-A*02:01,1,220,228,9,WLPGADTQG,WLPGADTQG,WLPGADTQG,0.000146,30
MT872635,433,MHC-I,HLA-A*02:01,1,305,313,9,KFKIVKEIA,KFKIVKEIA,KFKIVKEIA,0.000143,30
MT872635,433,MHC-I,HLA-A*02:01,1,261,269,9,HTALTGATE,HTALTGATE,HTALTGATE,0.000142,30
MT872635,433,MHC-I,HLA-A*02:01,1,228,236,9,GSNWIQKET,GSNWIQKET,GSNWIQKET,0.000142,30
MT872635,433,MHC-I,HLA-A*02:01,1,320,328,9,IVIRVQYEG,IVIRVQYEG,IVIRVQYEG,0.00014,30
MT872635,433,MHC-I,HLA-A*02:01,1,156,164,9,GKHGKEIKI,GKHGKEIKI,GKHGKEIKI,0.00014,30
MT872635,433,MHC-I,HLA-A*02:01,1,93,101,9,KHSMVDRGW,KHSMVDRGW,KHSMVDRGW,0.000139,30
MT872635,433,MHC-I,HLA-A*02:01,1,43,51,9,FELIKTEAK,FELIKTEAK,FELIKTEAK,0.000138,30
MT872635,433,MHC-I,HLA-B*44:02,1,44,52,9,ELIKTEAKQ,ELIKTEAKQ,ELIKTEAKQ,0.000136,20
MT872635,433,MHC-I,HLA-A*02:01,1,418,426,9,TAWDFGSLG,TAWDFGSLG,TAWDFGSLG,0.000136,30
MT872635,433,MHC-I,HLA-A*02:01,1,49,57,9,EAKQPATLR,EAKQPATLR,EAKQPATLR,0.000135,31
MT872635,433,MHC-I,HLA-B*44:02,1,62,70,9,EAKLTNTTT,EAKLTNTTT,EAKLTNTTT,0.000133,20
MT872635,433,MHC-I,HLA-A*02:01,1,13,21,9,EGVSGGSWV,EGVSGGSWV,EGVSGGSWV,0.000133,31
MT872635,433,MHC-I,HLA-B*44:02,1,363,371,9,APVNIEAEP,APVNIEAEP,APVNIEAEP,0.00013,20
MT872635,433,MHC-I,HLA-A*02:01,1,138,146,9,TIVITPHSG,TIVITPHSG,TIVITPHSG,0.00013,31
MT872635,433,MHC-I,HLA-A*02:01,1,141,149,9,ITPHSGEEH,ITPHSGEEH,ITPHSGEEH,0.000129,31
MT872635,433,MHC-I,HLA-A*02:01,1,27,35,9,HGSCVTTMA,HGSCVTTMA,HGSCVTTMA,0.000127,31
MT872635,433,MHC-I,HLA-B*44:02,1,276,284,9,NLLFTGHLK,NLLFTGHLK,NLLFTGHLK,0.000125,21
MT872635,433,MHC-I,HLA-A*02:01,1,281,289,9,GHLKCRLRM,GHLKCRLRM,GHLKCRLRM,0.000123,32
MT872635,433,MHC-I,HLA-A*02:01,1,26,34,9,EHGSCVTTM,EHGSCVTTM,EHGSCVTTM,0.000121,32
MT872635,433,MHC-I,HLA-A*02:01,1,239,247,9,TFKNPHAKK,TFKNPHAKK,TFKNPHAKK,0.00012,32
MT872635,433,MHC-I,HLA-B*44:02,1,370,378,9,EPPFGDSYI,EPPFGDSYI,EPPFGDSYI,0.000119,21
MT872635,433,MHC-I,HLA-B*44:02,1,100,108,9,GWGNGCGLF,GWGNGCGLF,GWGNGCGLF,0.000119,21
MT872635,433,MHC-I,HLA-A*02:01,1,149,157,9,HAVGNDTGK,HAVGNDTGK,HAVGNDTGK,0.000118,32
MT872635,433,MHC-I,HLA-A*02:01,1,295,303,9,KGMSYSMCT,KGMSYSMCT,KGMSYSMCT,0.000117,32
MT872635,433,MHC-I,HLA-B*44:02,1,150,158,9,AVGNDTGKH,AVGNDTGKH,AVGNDTGKH,0.000116,21
MT872635,433,MHC-I,HLA-B*44:02,1,288,296,9,RMDKLQLKG,RMDKLQLKG,RMDKLQLKG,0.000115,21
MT872635,433,MHC-I,HLA-B*44:02,1,130,138,9,VQPENLEYT,VQPENLEYT,VQPENLEYT,0.000114,21
MT872635,433,MHC-I,HLA-B*44:02,1,193,201,9,FNEMVLLQM,FNEMVLLQM,FNEMVLLQM,0.000113,22
MT872635,433,MHC-I,HLA-A*02:01,1,224,232,9,ADTQGSNWI,ADTQGSNWI,ADTQGSNWI,0.000109,33
MT872635,433,MHC-I,HLA-B*44:02,1,360,368,9,EKDAPVNIE,EKDAPVNIE,EKDAPVNIE,0.000106,22
MT872635,433,MHC-I,HLA-A*02:01,1,208,216,9,VHRQWFLDL,VHRQWFLDL,VHRQWFLDL,0.000106,33
MT872635,433,MHC-I,HLA-A*02:01,1,35,43,9,AKNKPTLDF,AKNKPTLDF,AKNKPTLDF,0.000106,33
MT872635,433,MHC-I,HLA-B*44:02,1,312,320,9,IAETQHGTI,IAETQHGTI,IAETQHGTI,0.000105,22
MT872635,433,MHC-I,HLA-B*44:02,1,216,224,9,LPLPWLPGA,LPLPWLPGA,LPLPWLPGA,0.000105,22
MT872635,433,MHC-I,HLA-B*44:02,1,157,165,9,KHGKEIKIT,KHGKEIKIT,KHGKEIKIT,0.000105,22
MT872635,433,MHC-I,HLA-B*44:02,1,65,73,9,LTNTTTESR,LTNTTTESR,LTNTTTESR,0.000104,22
MT872635,433,MHC-I,HLA-B*44:02,1,266,274,9,GATEIQMSS,GATEIQMSS,GATEIQMSS,0.000101,23
MT872635,433,MHC-I,HLA-B*44:02,1,213,221,9,FLDLPLPWL,FLDLPLPWL,FLDLPLPWL,9.80E-05,23
MT872635,433,MHC-I,HLA-B*44:02,1,208,216,9,VHRQWFLDL,VHRQWFLDL,VHRQWFLDL,9.80E-05,23
MT872635,433,MHC-I,HLA-A*02:01,1,154,162,9,DTGKHGKEI,DTGKHGKEI,DTGKHGKEI,9.80E-05,34
MT872635,433,MHC-I,HLA-A*02:01,1,196,204,9,MVLLQMEDK,MVLLQMEDK,MVLLQMEDK,9.70E-05,34
MT872635,433,MHC-I,HLA-B*44:02,1,192,200,9,DFNEMVLLQ,DFNEMVLLQ,DFNEMVLLQ,9.60E-05,23
MT872635,433,MHC-I,HLA-A*02:01,1,296,304,9,GMSYSMCTG,GMSYSMCTG,GMSYSMCTG,9.60E-05,34
MT872635,433,MHC-I,HLA-B*44:02,1,350,358,9,RLITVNPIV,RLITVNPIV,RLITVNPIV,9.40E-05,23
MT872635,433,MHC-I,HLA-B*44:02,1,417,425,9,DTAWDFGSL,DTAWDFGSL,DTAWDFGSL,9.30E-05,24
MT872635,433,MHC-I,HLA-B*44:02,1,259,267,9,AMHTALTGA,AMHTALTGA,AMHTALTGA,9.20E-05,24
MT872635,433,MHC-I,HLA-B*44:02,1,189,197,9,TGLDFNEMV,TGLDFNEMV,TGLDFNEMV,9.00E-05,24
MT872635,433,MHC-I,HLA-A*02:01,1,372,380,9,PFGDSYIIV,PFGDSYIIV,PFGDSYIIV,9.00E-05,35
MT872635,433,MHC-I,HLA-B*44:02,1,123,131,9,KNMEGKIVQ,KNMEGKIVQ,KNMEGKIVQ,8.90E-05,24
MT872635,433,MHC-I,HLA-B*44:02,1,72,80,9,SRCPTQGEP,SRCPTQGEP,SRCPTQGEP,8.90E-05,24
MT872635,433,MHC-I,HLA-A*02:01,1,297,305,9,MSYSMCTGK,MSYSMCTGK,MSYSMCTGK,8.90E-05,35
MT872635,433,MHC-I,HLA-B*44:02,1,190,198,9,GLDFNEMVL,GLDFNEMVL,GLDFNEMVL,8.80E-05,24
MT872635,433,MHC-I,HLA-A*02:01,1,242,250,9,NPHAKKQDV,NPHAKKQDV,NPHAKKQDV,8.80E-05,35
MT872635,433,MHC-I,HLA-B*44:02,1,143,151,9,PHSGEEHAV,PHSGEEHAV,PHSGEEHAV,8.70E-05,24
MT872635,433,MHC-I,HLA-B*44:02,1,13,21,9,EGVSGGSWV,EGVSGGSWV,EGVSGGSWV,8.60E-05,24
MT872635,433,MHC-I,HLA-B*44:02,1,162,170,9,IKITPQSST,IKITPQSST,IKITPQSST,8.50E-05,24
MT872635,433,MHC-I,HLA-A*02:01,1,235,243,9,ETLVTFKNP,ETLVTFKNP,ETLVTFKNP,8.50E-05,36
MT872635,433,MHC-I,HLA-A*02:01,1,201,209,9,MEDKAWLVH,MEDKAWLVH,MEDKAWLVH,8.50E-05,36
MT872635,433,MHC-I,HLA-B*44:02,1,308,316,9,IVKEIAETQ,IVKEIAETQ,IVKEIAETQ,8.30E-05,25
MT872635,433,MHC-I,HLA-B*44:02,1,243,251,9,PHAKKQDVV,PHAKKQDVV,PHAKKQDVV,8.30E-05,25
MT872635,433,MHC-I,HLA-B*44:02,1,124,132,9,NMEGKIVQP,NMEGKIVQP,NMEGKIVQP,8.20E-05,25
MT872635,433,MHC-I,HLA-B*44:02,1,299,307,9,YSMCTGKFK,YSMCTGKFK,YSMCTGKFK,8.10E-05,25
MT872635,433,MHC-I,HLA-B*44:02,1,274,282,9,SGNLLFTGH,SGNLLFTGH,SGNLLFTGH,8.00E-05,25
MT872635,433,MHC-I,HLA-B*44:02,1,206,214,9,WLVHRQWFL,WLVHRQWFL,WLVHRQWFL,7.90E-05,25
MT872635,433,MHC-I,HLA-A*02:01,1,68,76,9,TTTESRCPT,TTTESRCPT,TTTESRCPT,7.90E-05,37
MT872635,433,MHC-I,HLA-B*44:02,1,379,387,9,IVGVEPGQL,IVGVEPGQL,IVGVEPGQL,7.80E-05,25
MT872635,433,MHC-I,HLA-A*02:01,1,142,150,9,TPHSGEEHA,TPHSGEEHA,TPHSGEEHA,7.80E-05,37
MT872635,433,MHC-I,HLA-B*44:02,1,236,244,9,TLVTFKNPH,TLVTFKNPH,TLVTFKNPH,7.70E-05,25
MT872635,433,MHC-I,HLA-A*02:01,1,107,115,9,LFGKGGIVT,LFGKGGIVT,LFGKGGIVT,7.70E-05,37
MT872635,433,MHC-I,HLA-B*44:02,1,111,119,9,GGIVTCAMF,GGIVTCAMF,GGIVTCAMF,7.50E-05,26
MT872635,433,MHC-I,HLA-A*02:01,1,20,28,9,WVDIVLEHG,WVDIVLEHG,WVDIVLEHG,7.50E-05,37
MT872635,433,MHC-I,HLA-B*44:02,1,386,394,9,QLKLNWFKK,QLKLNWFKK,QLKLNWFKK,7.40E-05,26
MT872635,433,MHC-I,HLA-B*44:02,1,248,256,9,QDVVVLGSQ,QDVVVLGSQ,QDVVVLGSQ,7.40E-05,26
MT872635,433,MHC-I,HLA-B*44:02,1,405,413,9,TMRGAKRMA,TMRGAKRMA,TMRGAKRMA,7.30E-05,26
MT872635,433,MHC-I,HLA-B*44:02,1,185,193,9,CSPRTGLDF,CSPRTGLDF,CSPRTGLDF,7.30E-05,26
MT872635,433,MHC-I,HLA-B*44:02,1,146,154,9,GEEHAVGND,GEEHAVGND,GEEHAVGND,7.30E-05,26
MT872635,433,MHC-I,HLA-B*44:02,1,175,183,9,LTGYGTVTM,LTGYGTVTM,LTGYGTVTM,7.20E-05,26
MT872635,433,MHC-I,HLA-B*44:02,1,99,107,9,RGWGNGCGL,RGWGNGCGL,RGWGNGCGL,7.20E-05,26
MT872635,433,MHC-I,HLA-A*02:01,1,61,69,9,IEAKLTNTT,IEAKLTNTT,IEAKLTNTT,7.20E-05,38
MT872635,433,MHC-I,HLA-B*44:02,1,284,292,9,KCRLRMDKL,KCRLRMDKL,KCRLRMDKL,7.10E-05,26
MT872635,433,MHC-I,HLA-B*44:02,1,254,262,9,GSQEGAMHT,GSQEGAMHT,GSQEGAMHT,7.10E-05,26
MT872635,433,MHC-I,HLA-B*44:02,1,228,236,9,GSNWIQKET,GSNWIQKET,GSNWIQKET,7.10E-05,26
MT872635,433,MHC-I,HLA-B*44:02,1,264,272,9,LTGATEIQM,LTGATEIQM,LTGATEIQM,6.90E-05,27
MT872635,433,MHC-I,HLA-A*02:01,1,371,379,9,PPFGDSYII,PPFGDSYII,PPFGDSYII,6.90E-05,38
MT872635,433,MHC-I,HLA-B*44:02,1,109,117,9,GKGGIVTCA,GKGGIVTCA,GKGGIVTCA,6.80E-05,27
MT872635,433,MHC-I,HLA-A*02:01,1,250,258,9,VVVLGSQEG,VVVLGSQEG,VVVLGSQEG,6.80E-05,38
MT872635,433,MHC-I,HLA-A*02:01,1,5,13,9,GISNRDFVE,GISNRDFVE,GISNRDFVE,6.70E-05,39
MT872635,433,MHC-I,HLA-B*44:02,1,42,50,9,DFELIKTEA,DFELIKTEA,DFELIKTEA,6.50E-05,27
MT872635,433,MHC-I,HLA-A*02:01,1,161,169,9,EIKITPQSS,EIKITPQSS,EIKITPQSS,6.50E-05,39
MT872635,433,MHC-I,HLA-B*44:02,1,418,426,9,TAWDFGSLG,TAWDFGSLG,TAWDFGSLG,6.40E-05,28
MT872635,433,MHC-I,HLA-B*44:02,1,406,414,9,MRGAKRMAI,MRGAKRMAI,MRGAKRMAI,6.40E-05,28
MT872635,433,MHC-I,HLA-B*44:02,1,149,157,9,HAVGNDTGK,HAVGNDTGK,HAVGNDTGK,6.40E-05,28
MT872635,433,MHC-I,HLA-B*44:02,1,97,105,9,VDRGWGNGC,VDRGWGNGC,VDRGWGNGC,6.40E-05,28
MT872635,433,MHC-I,HLA-A*02:01,1,180,188,9,TVTMECSPR,TVTMECSPR,TVTMECSPR,6.40E-05,39
MT872635,433,MHC-I,HLA-B*44:02,1,352,360,9,ITVNPIVTE,ITVNPIVTE,ITVNPIVTE,6.30E-05,28
MT872635,433,MHC-I,HLA-B*44:02,1,251,259,9,VVLGSQEGA,VVLGSQEGA,VVLGSQEGA,6.30E-05,28
MT872635,433,MHC-I,HLA-A*02:01,1,406,414,9,MRGAKRMAI,MRGAKRMAI,MRGAKRMAI,6.30E-05,39
MT872635,433,MHC-I,HLA-A*02:01,1,383,391,9,EPGQLKLNW,EPGQLKLNW,EPGQLKLNW,6.30E-05,39
MT872635,433,MHC-I,HLA-B*44:02,1,141,149,9,ITPHSGEEH,ITPHSGEEH,ITPHSGEEH,6.20E-05,28
MT872635,433,MHC-I,HLA-A*02:01,1,347,355,9,VLGRLITVN,VLGRLITVN,VLGRLITVN,6.20E-05,40
MT872635,433,MHC-I,HLA-A*02:01,1,258,266,9,GAMHTALTG,GAMHTALTG,GAMHTALTG,6.10E-05,40
MT872635,433,MHC-I,HLA-A*02:01,1,168,176,9,SSTTEAELT,SSTTEAELT,SSTTEAELT,6.10E-05,40
MT872635,433,MHC-I,HLA-A*02:01,1,109,117,9,GKGGIVTCA,GKGGIVTCA,GKGGIVTCA,6.00E-05,40
MT872635,433,MHC-I,HLA-B*44:02,1,235,243,9,ETLVTFKNP,ETLVTFKNP,ETLVTFKNP,5.90E-05,28
MT872635,433,MHC-I,HLA-A*02:01,1,299,307,9,YSMCTGKFK,YSMCTGKFK,YSMCTGKFK,5.90E-05,40
MT872635,433,MHC-I,HLA-A*02:01,1,289,297,9,MDKLQLKGM,MDKLQLKGM,MDKLQLKGM,5.90E-05,40
MT872635,433,MHC-I,HLA-B*44:02,1,403,411,9,ETTMRGAKR,ETTMRGAKR,ETTMRGAKR,5.80E-05,29
MT872635,433,MHC-I,HLA-B*44:02,1,309,317,9,VKEIAETQH,VKEIAETQH,VKEIAETQH,5.80E-05,29
MT872635,433,MHC-I,HLA-A*02:01,1,393,401,9,KKGSSIGQM,KKGSSIGQM,KKGSSIGQM,5.80E-05,41
MT872635,433,MHC-I,HLA-A*02:01,1,348,356,9,LGRLITVNP,LGRLITVNP,LGRLITVNP,5.80E-05,41
MT872635,433,MHC-I,HLA-A*02:01,1,185,193,9,CSPRTGLDF,CSPRTGLDF,CSPRTGLDF,5.80E-05,41
MT872635,433,MHC-I,HLA-A*02:01,1,41,49,9,LDFELIKTE,LDFELIKTE,LDFELIKTE,5.80E-05,41
MT872635,433,MHC-I,HLA-B*44:02,1,400,408,9,QMFETTMRG,QMFETTMRG,QMFETTMRG,5.70E-05,29
MT872635,433,MHC-I,HLA-B*44:02,1,252,260,9,VLGSQEGAM,VLGSQEGAM,VLGSQEGAM,5.70E-05,29
MT872635,433,MHC-I,HLA-B*44:02,1,163,171,9,KITPQSSTT,KITPQSSTT,KITPQSSTT,5.70E-05,29
MT872635,433,MHC-I,HLA-A*02:01,1,169,177,9,STTEAELTG,STTEAELTG,STTEAELTG,5.70E-05,41
MT872635,433,MHC-I,HLA-B*44:02,1,161,169,9,EIKITPQSS,EIKITPQSS,EIKITPQSS,5.60E-05,29
MT872635,433,MHC-I,HLA-B*44:02,1,89,97,9,RFICKHSMV,RFICKHSMV,RFICKHSMV,5.60E-05,29
MT872635,433,MHC-I,HLA-A*02:01,1,119,127,9,FTCKKNMEG,FTCKKNMEG,FTCKKNMEG,5.60E-05,41
MT872635,433,MHC-I,HLA-A*02:01,1,215,223,9,DLPLPWLPG,DLPLPWLPG,DLPLPWLPG,5.50E-05,41
MT872635,433,MHC-I,HLA-A*02:01,1,143,151,9,PHSGEEHAV,PHSGEEHAV,PHSGEEHAV,5.50E-05,41
MT872635,433,MHC-I,HLA-A*02:01,1,82,90,9,LNEEQDKRF,LNEEQDKRF,LNEEQDKRF,5.50E-05,41
MT872635,433,MHC-I,HLA-B*44:02,1,396,404,9,SSIGQMFET,SSIGQMFET,SSIGQMFET,5.40E-05,29
MT872635,433,MHC-I,HLA-A*02:01,1,278,286,9,LFTGHLKCR,LFTGHLKCR,LFTGHLKCR,5.40E-05,41
MT872635,433,MHC-I,HLA-A*02:01,1,1,9,9,MRCIGISNR,MRCIGISNR,MRCIGISNR,5.40E-05,41
MT872635,433,MHC-I,HLA-B*44:02,1,21,29,9,VDIVLEHGS,VDIVLEHGS,VDIVLEHGS,5.20E-05,30
MT872635,433,MHC-I,HLA-A*02:01,1,323,331,9,RVQYEGDGS,RVQYEGDGS,RVQYEGDGS,5.20E-05,42
MT872635,433,MHC-I,HLA-A*02:01,1,110,118,9,KGGIVTCAM,KGGIVTCAM,KGGIVTCAM,5.20E-05,42
MT872635,433,MHC-I,HLA-B*44:02,1,1,9,9,MRCIGISNR,MRCIGISNR,MRCIGISNR,5.10E-05,30
MT872635,433,MHC-I,HLA-A*02:01,1,62,70,9,EAKLTNTTT,EAKLTNTTT,EAKLTNTTT,5.00E-05,42
MT872635,433,MHC-I,HLA-B*44:02,1,106,114,9,GLFGKGGIV,GLFGKGGIV,GLFGKGGIV,4.90E-05,31
MT872635,433,MHC-I,HLA-B*44:02,1,47,55,9,KTEAKQPAT,KTEAKQPAT,KTEAKQPAT,4.90E-05,31
MT872635,433,MHC-I,HLA-A*02:01,1,373,381,9,FGDSYIIVG,FGDSYIIVG,FGDSYIIVG,4.90E-05,43
MT872635,433,MHC-I,HLA-A*02:01,1,342,350,9,LEKRHVLGR,LEKRHVLGR,LEKRHVLGR,4.90E-05,43
MT872635,433,MHC-I,HLA-A*02:01,1,31,39,9,VTTMAKNKP,VTTMAKNKP,VTTMAKNKP,4.80E-05,43
MT872635,433,MHC-I,HLA-B*44:02,1,4,12,9,IGISNRDFV,IGISNRDFV,IGISNRDFV,4.70E-05,31
MT872635,433,MHC-I,HLA-A*02:01,1,162,170,9,IKITPQSST,IKITPQSST,IKITPQSST,4.70E-05,43
MT872635,433,MHC-I,HLA-A*02:01,1,22,30,9,DIVLEHGSC,DIVLEHGSC,DIVLEHGSC,4.70E-05,43
MT872635,433,MHC-I,HLA-A*02:01,1,14,22,9,GVSGGSWVD,GVSGGSWVD,GVSGGSWVD,4.70E-05,43
MT872635,433,MHC-I,HLA-B*44:02,1,307,315,9,KIVKEIAET,KIVKEIAET,KIVKEIAET,4.60E-05,31
MT872635,433,MHC-I,HLA-B*44:02,1,126,134,9,EGKIVQPEN,EGKIVQPEN,EGKIVQPEN,4.60E-05,31
MT872635,433,MHC-I,HLA-B*44:02,1,3,11,9,CIGISNRDF,CIGISNRDF,CIGISNRDF,4.60E-05,31
MT872635,433,MHC-I,HLA-A*02:01,1,363,371,9,APVNIEAEP,APVNIEAEP,APVNIEAEP,4.60E-05,44
MT872635,433,MHC-I,HLA-A*02:01,1,274,282,9,SGNLLFTGH,SGNLLFTGH,SGNLLFTGH,4.60E-05,44
MT872635,433,MHC-I,HLA-A*02:01,1,179,187,9,GTVTMECSP,GTVTMECSP,GTVTMECSP,4.60E-05,44
MT872635,433,MHC-I,HLA-A*02:01,1,123,131,9,KNMEGKIVQ,KNMEGKIVQ,KNMEGKIVQ,4.60E-05,44
MT872635,433,MHC-I,HLA-B*44:02,1,398,406,9,IGQMFETTM,IGQMFETTM,IGQMFETTM,4.50E-05,32
MT872635,433,MHC-I,HLA-A*02:01,1,28,36,9,GSCVTTMAK,GSCVTTMAK,GSCVTTMAK,4.50E-05,44
MT872635,433,MHC-I,HLA-B*44:02,1,407,415,9,RGAKRMAIL,RGAKRMAIL,RGAKRMAIL,4.40E-05,32
MT872635,433,MHC-I,HLA-B*44:02,1,279,287,9,FTGHLKCRL,FTGHLKCRL,FTGHLKCRL,4.30E-05,32
MT872635,433,MHC-I,HLA-A*02:01,1,218,226,9,LPWLPGADT,LPWLPGADT,LPWLPGADT,4.30E-05,44
MT872635,433,MHC-I,HLA-A*02:01,1,115,123,9,TCAMFTCKK,TCAMFTCKK,TCAMFTCKK,4.30E-05,44
MT872635,433,MHC-I,HLA-B*44:02,1,411,419,9,RMAILGDTA,RMAILGDTA,RMAILGDTA,4.20E-05,33
MT872635,433,MHC-I,HLA-B*44:02,1,357,365,9,IVTEKDAPV,IVTEKDAPV,IVTEKDAPV,4.20E-05,33
MT872635,433,MHC-I,HLA-B*44:02,1,305,313,9,KFKIVKEIA,KFKIVKEIA,KFKIVKEIA,4.20E-05,33
MT872635,433,MHC-I,HLA-B*44:02,1,151,159,9,VGNDTGKHG,VGNDTGKHG,VGNDTGKHG,4.20E-05,33
MT872635,433,MHC-I,HLA-B*44:02,1,137,145,9,YTIVITPHS,YTIVITPHS,YTIVITPHS,4.20E-05,33
MT872635,433,MHC-I,HLA-A*02:01,1,302,310,9,CTGKFKIVK,CTGKFKIVK,CTGKFKIVK,4.20E-05,45
MT872635,433,MHC-I,HLA-A*02:01,1,150,158,9,AVGNDTGKH,AVGNDTGKH,AVGNDTGKH,4.20E-05,45
MT872635,433,MHC-I,HLA-A*02:01,1,91,99,9,ICKHSMVDR,ICKHSMVDR,ICKHSMVDR,4.20E-05,45
MT872635,433,MHC-I,HLA-B*44:02,1,27,35,9,HGSCVTTMA,HGSCVTTMA,HGSCVTTMA,4.10E-05,33
MT872635,433,MHC-I,HLA-B*44:02,1,371,379,9,PPFGDSYII,PPFGDSYII,PPFGDSYII,4.00E-05,33
MT872635,433,MHC-I,HLA-B*44:02,1,341,349,9,DLEKRHVLG,DLEKRHVLG,DLEKRHVLG,4.00E-05,33
MT872635,433,MHC-I,HLA-B*44:02,1,32,40,9,TTMAKNKPT,TTMAKNKPT,TTMAKNKPT,4.00E-05,33
MT872635,433,MHC-I,HLA-A*02:01,1,330,338,9,GSPCKIPFE,GSPCKIPFE,GSPCKIPFE,4.00E-05,45
MT872635,433,MHC-I,HLA-A*02:01,1,413,421,9,AILGDTAWD,AILGDTAWD,AILGDTAWD,3.90E-05,46
MT872635,433,MHC-I,HLA-A*02:01,1,152,160,9,GNDTGKHGK,GNDTGKHGK,GNDTGKHGK,3.90E-05,46
MT872635,433,MHC-I,HLA-B*44:02,1,392,400,9,FKKGSSIGQ,FKKGSSIGQ,FKKGSSIGQ,3.80E-05,34
MT872635,433,MHC-I,HLA-B*44:02,1,181,189,9,VTMECSPRT,VTMECSPRT,VTMECSPRT,3.80E-05,34
MT872635,433,MHC-I,HLA-B*44:02,1,155,163,9,TGKHGKEIK,TGKHGKEIK,TGKHGKEIK,3.80E-05,34
MT872635,433,MHC-I,HLA-A*02:01,1,303,311,9,TGKFKIVKE,TGKFKIVKE,TGKFKIVKE,3.80E-05,46
MT872635,433,MHC-I,HLA-A*02:01,1,227,235,9,QGSNWIQKE,QGSNWIQKE,QGSNWIQKE,3.80E-05,46
MT872635,433,MHC-I,HLA-B*44:02,1,345,353,9,RHVLGRLIT,RHVLGRLIT,RHVLGRLIT,3.70E-05,34
MT872635,433,MHC-I,HLA-B*44:02,1,153,161,9,NDTGKHGKE,NDTGKHGKE,NDTGKHGKE,3.70E-05,34
MT872635,433,MHC-I,HLA-B*44:02,1,39,47,9,PTLDFELIK,PTLDFELIK,PTLDFELIK,3.70E-05,34
MT872635,433,MHC-I,HLA-B*44:02,1,28,36,9,GSCVTTMAK,GSCVTTMAK,GSCVTTMAK,3.70E-05,34
MT872635,433,MHC-I,HLA-A*02:01,1,335,343,9,IPFEITDLE,IPFEITDLE,IPFEITDLE,3.70E-05,47
MT872635,433,MHC-I,HLA-A*02:01,1,265,273,9,TGATEIQMS,TGATEIQMS,TGATEIQMS,3.70E-05,47
MT872635,433,MHC-I,HLA-A*02:01,1,111,119,9,GGIVTCAMF,GGIVTCAMF,GGIVTCAMF,3.70E-05,47
MT872635,433,MHC-I,HLA-B*44:02,1,297,305,9,MSYSMCTGK,MSYSMCTGK,MSYSMCTGK,3.60E-05,35
MT872635,433,MHC-I,HLA-B*44:02,1,258,266,9,GAMHTALTG,GAMHTALTG,GAMHTALTG,3.60E-05,35
MT872635,433,MHC-I,HLA-A*02:01,1,273,281,9,SSGNLLFTG,SSGNLLFTG,SSGNLLFTG,3.60E-05,47
MT872635,433,MHC-I,HLA-B*44:02,1,46,54,9,IKTEAKQPA,IKTEAKQPA,IKTEAKQPA,3.50E-05,35
MT872635,433,MHC-I,HLA-B*44:02,1,40,48,9,TLDFELIKT,TLDFELIKT,TLDFELIKT,3.50E-05,35
MT872635,433,MHC-I,HLA-A*02:01,1,362,370,9,DAPVNIEAE,DAPVNIEAE,DAPVNIEAE,3.50E-05,47
MT872635,433,MHC-I,HLA-A*02:01,1,338,346,9,EITDLEKRH,EITDLEKRH,EITDLEKRH,3.50E-05,47
MT872635,433,MHC-I,HLA-A*02:01,1,59,67,9,YCIEAKLTN,YCIEAKLTN,YCIEAKLTN,3.50E-05,47
MT872635,433,MHC-I,HLA-B*44:02,1,227,235,9,QGSNWIQKE,QGSNWIQKE,QGSNWIQKE,3.40E-05,35
MT872635,433,MHC-I,HLA-B*44:02,1,211,219,9,QWFLDLPLP,QWFLDLPLP,QWFLDLPLP,3.40E-05,35
MT872635,433,MHC-I,HLA-B*44:02,1,253,261,9,LGSQEGAMH,LGSQEGAMH,LGSQEGAMH,3.30E-05,36
MT872635,433,MHC-I,HLA-B*44:02,1,169,177,9,STTEAELTG,STTEAELTG,STTEAELTG,3.30E-05,36
MT872635,433,MHC-I,HLA-B*44:02,1,148,156,9,EHAVGNDTG,EHAVGNDTG,EHAVGNDTG,3.30E-05,36
MT872635,433,MHC-I,HLA-A*02:01,1,257,265,9,EGAMHTALT,EGAMHTALT,EGAMHTALT,3.30E-05,48
MT872635,433,MHC-I,HLA-A*02:01,1,114,122,9,VTCAMFTCK,VTCAMFTCK,VTCAMFTCK,3.30E-05,48
MT872635,433,MHC-I,HLA-B*44:02,1,368,376,9,EAEPPFGDS,EAEPPFGDS,EAEPPFGDS,3.20E-05,36
MT872635,433,MHC-I,HLA-B*44:02,1,77,85,9,QGEPSLNEE,QGEPSLNEE,QGEPSLNEE,3.20E-05,36
MT872635,433,MHC-I,HLA-A*02:01,1,90,98,9,FICKHSMVD,FICKHSMVD,FICKHSMVD,3.20E-05,49
MT872635,433,MHC-I,HLA-A*02:01,1,83,91,9,NEEQDKRFI,NEEQDKRFI,NEEQDKRFI,3.20E-05,49
MT872635,433,MHC-I,HLA-B*44:02,1,209,217,9,HRQWFLDLP,HRQWFLDLP,HRQWFLDLP,3.10E-05,37
MT872635,433,MHC-I,HLA-A*02:01,1,341,349,9,DLEKRHVLG,DLEKRHVLG,DLEKRHVLG,3.10E-05,49
MT872635,433,MHC-I,HLA-A*02:01,1,25,33,9,LEHGSCVTT,LEHGSCVTT,LEHGSCVTT,3.10E-05,49
MT872635,433,MHC-I,HLA-B*44:02,1,401,409,9,MFETTMRGA,MFETTMRGA,MFETTMRGA,3.00E-05,37
MT872635,433,MHC-I,HLA-B*44:02,1,335,343,9,IPFEITDLE,IPFEITDLE,IPFEITDLE,3.00E-05,37
MT872635,433,MHC-I,HLA-B*44:02,1,334,342,9,KIPFEITDL,KIPFEITDL,KIPFEITDL,3.00E-05,37
MT872635,433,MHC-I,HLA-B*44:02,1,277,285,9,LLFTGHLKC,LLFTGHLKC,LLFTGHLKC,3.00E-05,37
MT872635,433,MHC-I,HLA-B*44:02,1,115,123,9,TCAMFTCKK,TCAMFTCKK,TCAMFTCKK,3.00E-05,37
MT872635,433,MHC-I,HLA-B*44:02,1,36,44,9,KNKPTLDFE,KNKPTLDFE,KNKPTLDFE,3.00E-05,37
MT872635,433,MHC-I,HLA-A*02:01,1,166,174,9,PQSSTTEAE,PQSSTTEAE,PQSSTTEAE,3.00E-05,49
MT872635,433,MHC-I,HLA-A*02:01,1,105,113,9,CGLFGKGGI,CGLFGKGGI,CGLFGKGGI,3.00E-05,49
MT872635,433,MHC-I,HLA-B*44:02,1,261,269,9,HTALTGATE,HTALTGATE,HTALTGATE,2.90E-05,38
MT872635,433,MHC-I,HLA-B*44:02,1,80,88,9,PSLNEEQDK,PSLNEEQDK,PSLNEEQDK,2.90E-05,38
MT872635,433,MHC-I,HLA-A*02:01,1,280,288,9,TGHLKCRLR,TGHLKCRLR,TGHLKCRLR,2.90E-05,50
MT872635,433,MHC-I,HLA-A*02:01,1,233,241,9,QKETLVTFK,QKETLVTFK,QKETLVTFK,2.90E-05,50
MT872635,433,MHC-I,HLA-A*02:01,1,69,77,9,TTESRCPTQ,TTESRCPTQ,TTESRCPTQ,2.90E-05,50
MT872635,433,MHC-I,HLA-A*02:01,1,46,54,9,IKTEAKQPA,IKTEAKQPA,IKTEAKQPA,2.90E-05,50
MT872635,433,MHC-I,HLA-B*44:02,1,355,363,9,NPIVTEKDA,NPIVTEKDA,NPIVTEKDA,2.80E-05,38
MT872635,433,MHC-I,HLA-B*44:02,1,138,146,9,TIVITPHSG,TIVITPHSG,TIVITPHSG,2.80E-05,38
MT872635,433,MHC-I,HLA-A*02:01,1,403,411,9,ETTMRGAKR,ETTMRGAKR,ETTMRGAKR,2.80E-05,50
MT872635,433,MHC-I,HLA-A*02:01,1,253,261,9,LGSQEGAMH,LGSQEGAMH,LGSQEGAMH,2.80E-05,50
MT872635,433,MHC-I,HLA-A*02:01,1,120,128,9,TCKKNMEGK,TCKKNMEGK,TCKKNMEGK,2.80E-05,50
MT872635,433,MHC-I,HLA-B*44:02,1,237,245,9,LVTFKNPHA,LVTFKNPHA,LVTFKNPHA,2.70E-05,39
MT872635,433,MHC-I,HLA-B*44:02,1,59,67,9,YCIEAKLTN,YCIEAKLTN,YCIEAKLTN,2.70E-05,39
MT872635,433,MHC-I,HLA-B*44:02,1,45,53,9,LIKTEAKQP,LIKTEAKQP,LIKTEAKQP,2.70E-05,39
MT872635,433,MHC-I,HLA-A*02:01,1,202,210,9,EDKAWLVHR,EDKAWLVHR,EDKAWLVHR,2.70E-05,51
MT872635,433,MHC-I,HLA-A*02:01,1,192,200,9,DFNEMVLLQ,DFNEMVLLQ,DFNEMVLLQ,2.70E-05,51
MT872635,433,MHC-I,HLA-B*44:02,1,303,311,9,TGKFKIVKE,TGKFKIVKE,TGKFKIVKE,2.60E-05,39
MT872635,433,MHC-I,HLA-B*44:02,1,265,273,9,TGATEIQMS,TGATEIQMS,TGATEIQMS,2.60E-05,39
MT872635,433,MHC-I,HLA-B*44:02,1,179,187,9,GTVTMECSP,GTVTMECSP,GTVTMECSP,2.60E-05,39
MT872635,433,MHC-I,HLA-B*44:02,1,120,128,9,TCKKNMEGK,TCKKNMEGK,TCKKNMEGK,2.60E-05,39
MT872635,433,MHC-I,HLA-A*02:01,1,205,213,9,AWLVHRQWF,AWLVHRQWF,AWLVHRQWF,2.60E-05,51
MT872635,433,MHC-I,HLA-B*44:02,1,257,265,9,EGAMHTALT,EGAMHTALT,EGAMHTALT,2.50E-05,40
MT872635,433,MHC-I,HLA-B*44:02,1,168,176,9,SSTTEAELT,SSTTEAELT,SSTTEAELT,2.50E-05,40
MT872635,433,MHC-I,HLA-B*44:02,1,108,116,9,FGKGGIVTC,FGKGGIVTC,FGKGGIVTC,2.50E-05,40
MT872635,433,MHC-I,HLA-B*44:02,1,71,79,9,ESRCPTQGE,ESRCPTQGE,ESRCPTQGE,2.50E-05,40
MT872635,433,MHC-I,HLA-B*44:02,1,292,300,9,LQLKGMSYS,LQLKGMSYS,LQLKGMSYS,2.40E-05,40
MT872635,433,MHC-I,HLA-B*44:02,1,280,288,9,TGHLKCRLR,TGHLKCRLR,TGHLKCRLR,2.40E-05,40
MT872635,433,MHC-I,HLA-B*44:02,1,197,205,9,VLLQMEDKA,VLLQMEDKA,VLLQMEDKA,2.40E-05,40
MT872635,433,MHC-I,HLA-B*44:02,1,172,180,9,EAELTGYGT,EAELTGYGT,EAELTGYGT,2.40E-05,40
MT872635,433,MHC-I,HLA-B*44:02,1,95,103,9,SMVDRGWGN,SMVDRGWGN,SMVDRGWGN,2.40E-05,40
MT872635,433,MHC-I,HLA-A*02:01,1,395,403,9,GSSIGQMFE,GSSIGQMFE,GSSIGQMFE,2.40E-05,53
MT872635,433,MHC-I,HLA-A*02:01,1,306,314,9,FKIVKEIAE,FKIVKEIAE,FKIVKEIAE,2.40E-05,53
MT872635,433,MHC-I,HLA-A*02:01,1,195,203,9,EMVLLQMED,EMVLLQMED,EMVLLQMED,2.40E-05,53
MT872635,433,MHC-I,HLA-A*02:01,1,182,190,9,TMECSPRTG,TMECSPRTG,TMECSPRTG,2.40E-05,53
MT872635,433,MHC-I,HLA-A*02:01,1,67,75,9,NTTTESRCP,NTTTESRCP,NTTTESRCP,2.40E-05,53
MT872635,433,MHC-I,HLA-B*44:02,1,397,405,9,SIGQMFETT,SIGQMFETT,SIGQMFETT,2.30E-05,41
MT872635,433,MHC-I,HLA-B*44:02,1,176,184,9,TGYGTVTME,TGYGTVTME,TGYGTVTME,2.30E-05,41
MT872635,433,MHC-I,HLA-B*44:02,1,139,147,9,IVITPHSGE,IVITPHSGE,IVITPHSGE,2.30E-05,41
MT872635,433,MHC-I,HLA-B*44:02,1,69,77,9,TTESRCPTQ,TTESRCPTQ,TTESRCPTQ,2.30E-05,41
MT872635,433,MHC-I,HLA-A*02:01,1,419,427,9,AWDFGSLGG,AWDFGSLGG,AWDFGSLGG,2.30E-05,53
MT872635,433,MHC-I,HLA-A*02:01,1,96,104,9,MVDRGWGNG,MVDRGWGNG,MVDRGWGNG,2.30E-05,53
MT872635,433,MHC-I,HLA-B*44:02,1,263,271,9,ALTGATEIQ,ALTGATEIQ,ALTGATEIQ,2.20E-05,42
MT872635,433,MHC-I,HLA-B*44:02,1,79,87,9,EPSLNEEQD,EPSLNEEQD,EPSLNEEQD,2.20E-05,42
MT872635,433,MHC-I,HLA-A*02:01,1,84,92,9,EEQDKRFIC,EEQDKRFIC,EEQDKRFIC,2.20E-05,54
MT872635,433,MHC-I,HLA-A*02:01,1,3,11,9,CIGISNRDF,CIGISNRDF,CIGISNRDF,2.20E-05,54
MT872635,433,MHC-I,HLA-B*44:02,1,384,392,9,PGQLKLNWF,PGQLKLNWF,PGQLKLNWF,2.10E-05,43
MT872635,433,MHC-I,HLA-B*44:02,1,31,39,9,VTTMAKNKP,VTTMAKNKP,VTTMAKNKP,2.10E-05,43
MT872635,433,MHC-I,HLA-A*02:01,1,136,144,9,EYTIVITPH,EYTIVITPH,EYTIVITPH,2.10E-05,55
MT872635,433,MHC-I,HLA-B*44:02,1,302,310,9,CTGKFKIVK,CTGKFKIVK,CTGKFKIVK,2.00E-05,43
MT872635,433,MHC-I,HLA-B*44:02,1,250,258,9,VVVLGSQEG,VVVLGSQEG,VVVLGSQEG,2.00E-05,43
MT872635,433,MHC-I,HLA-B*44:02,1,225,233,9,DTQGSNWIQ,DTQGSNWIQ,DTQGSNWIQ,2.00E-05,43
MT872635,433,MHC-I,HLA-B*44:02,1,67,75,9,NTTTESRCP,NTTTESRCP,NTTTESRCP,2.00E-05,43
MT872635,433,MHC-I,HLA-B*44:02,1,66,74,9,TNTTTESRC,TNTTTESRC,TNTTTESRC,2.00E-05,43
MT872635,433,MHC-I,HLA-B*44:02,1,10,18,9,DFVEGVSGG,DFVEGVSGG,DFVEGVSGG,2.00E-05,43
MT872635,433,MHC-I,HLA-A*02:01,1,246,254,9,KKQDVVVLG,KKQDVVVLG,KKQDVVVLG,2.00E-05,55
MT872635,433,MHC-I,HLA-A*02:01,1,97,105,9,VDRGWGNGC,VDRGWGNGC,VDRGWGNGC,2.00E-05,55
MT872635,433,MHC-I,HLA-B*44:02,1,423,431,9,GSLGGVFTS,GSLGGVFTS,GSLGGVFTS,1.90E-05,44
MT872635,433,MHC-I,HLA-A*02:01,1,421,429,9,DFGSLGGVF,DFGSLGGVF,DFGSLGGVF,1.90E-05,56
MT872635,433,MHC-I,HLA-A*02:01,1,366,374,9,NIEAEPPFG,NIEAEPPFG,NIEAEPPFG,1.90E-05,56
MT872635,433,MHC-I,HLA-A*02:01,1,343,351,9,EKRHVLGRL,EKRHVLGRL,EKRHVLGRL,1.90E-05,56
MT872635,433,MHC-I,HLA-A*02:01,1,309,317,9,VKEIAETQH,VKEIAETQH,VKEIAETQH,1.90E-05,56
MT872635,433,MHC-I,HLA-A*02:01,1,56,64,9,LRKYCIEAK,LRKYCIEAK,LRKYCIEAK,1.90E-05,56
MT872635,433,MHC-I,HLA-A*02:01,1,54,62,9,ATLRKYCIE,ATLRKYCIE,ATLRKYCIE,1.90E-05,56
MT872635,433,MHC-I,HLA-A*02:01,1,30,38,9,CVTTMAKNK,CVTTMAKNK,CVTTMAKNK,1.90E-05,56
MT872635,433,MHC-I,HLA-A*02:01,1,6,14,9,ISNRDFVEG,ISNRDFVEG,ISNRDFVEG,1.90E-05,56
MT872635,433,MHC-I,HLA-B*44:02,1,182,190,9,TMECSPRTG,TMECSPRTG,TMECSPRTG,1.80E-05,45
MT872635,433,MHC-I,HLA-B*44:02,1,174,182,9,ELTGYGTVT,ELTGYGTVT,ELTGYGTVT,1.80E-05,45
MT872635,433,MHC-I,HLA-B*44:02,1,128,136,9,KIVQPENLE,KIVQPENLE,KIVQPENLE,1.80E-05,45
MT872635,433,MHC-I,HLA-B*44:02,1,55,63,9,TLRKYCIEA,TLRKYCIEA,TLRKYCIEA,1.80E-05,45
MT872635,433,MHC-I,HLA-B*44:02,1,15,23,9,VSGGSWVDI,VSGGSWVDI,VSGGSWVDI,1.80E-05,45
MT872635,433,MHC-I,HLA-A*02:01,1,122,130,9,KKNMEGKIV,KKNMEGKIV,KKNMEGKIV,1.70E-05,58
MT872635,433,MHC-I,HLA-B*44:02,1,267,275,9,ATEIQMSSG,ATEIQMSSG,ATEIQMSSG,1.60E-05,47
MT872635,433,MHC-I,HLA-B*44:02,1,249,257,9,DVVVLGSQE,DVVVLGSQE,DVVVLGSQE,1.60E-05,47
MT872635,433,MHC-I,HLA-B*44:02,1,56,64,9,LRKYCIEAK,LRKYCIEAK,LRKYCIEAK,1.60E-05,47
MT872635,433,MHC-I,HLA-B*44:02,1,17,25,9,GGSWVDIVL,GGSWVDIVL,GGSWVDIVL,1.60E-05,47
MT872635,433,MHC-I,HLA-A*02:01,1,329,337,9,DGSPCKIPF,DGSPCKIPF,DGSPCKIPF,1.60E-05,59
MT872635,433,MHC-I,HLA-A*02:01,1,317,325,9,HGTIVIRVQ,HGTIVIRVQ,HGTIVIRVQ,1.60E-05,59
MT872635,433,MHC-I,HLA-A*02:01,1,155,163,9,TGKHGKEIK,TGKHGKEIK,TGKHGKEIK,1.60E-05,59
MT872635,433,MHC-I,HLA-A*02:01,1,63,71,9,AKLTNTTTE,AKLTNTTTE,AKLTNTTTE,1.60E-05,59
MT872635,433,MHC-I,HLA-A*02:01,1,52,60,9,QPATLRKYC,QPATLRKYC,QPATLRKYC,1.60E-05,59
MT872635,433,MHC-I,HLA-A*02:01,1,9,17,9,RDFVEGVSG,RDFVEGVSG,RDFVEGVSG,1.60E-05,59
MT872635,433,MHC-I,HLA-B*44:02,1,388,396,9,KLNWFKKGS,KLNWFKKGS,KLNWFKKGS,1.50E-05,48
MT872635,433,MHC-I,HLA-B*44:02,1,317,325,9,HGTIVIRVQ,HGTIVIRVQ,HGTIVIRVQ,1.50E-05,48
MT872635,433,MHC-I,HLA-B*44:02,1,260,268,9,MHTALTGAT,MHTALTGAT,MHTALTGAT,1.50E-05,48
MT872635,433,MHC-I,HLA-B*44:02,1,196,204,9,MVLLQMEDK,MVLLQMEDK,MVLLQMEDK,1.50E-05,48
MT872635,433,MHC-I,HLA-B*44:02,1,64,72,9,KLTNTTTES,KLTNTTTES,KLTNTTTES,1.50E-05,48
MT872635,433,MHC-I,HLA-A*02:01,1,402,410,9,FETTMRGAK,FETTMRGAK,FETTMRGAK,1.50E-05,60
MT872635,433,MHC-I,HLA-A*02:01,1,364,372,9,PVNIEAEPP,PVNIEAEPP,PVNIEAEPP,1.50E-05,60
MT872635,433,MHC-I,HLA-A*02:01,1,345,353,9,RHVLGRLIT,RHVLGRLIT,RHVLGRLIT,1.50E-05,60
MT872635,433,MHC-I,HLA-A*02:01,1,325,333,9,QYEGDGSPC,QYEGDGSPC,QYEGDGSPC,1.50E-05,60
MT872635,433,MHC-I,HLA-A*02:01,1,310,318,9,KEIAETQHG,KEIAETQHG,KEIAETQHG,1.50E-05,60
MT872635,433,MHC-I,HLA-A*02:01,1,298,306,9,SYSMCTGKF,SYSMCTGKF,SYSMCTGKF,1.50E-05,60
MT872635,433,MHC-I,HLA-B*44:02,1,177,185,9,GYGTVTMEC,GYGTVTMEC,GYGTVTMEC,1.40E-05,49
MT872635,433,MHC-I,HLA-A*02:01,1,249,257,9,DVVVLGSQE,DVVVLGSQE,DVVVLGSQE,1.40E-05,61
MT872635,433,MHC-I,HLA-A*02:01,1,172,180,9,EAELTGYGT,EAELTGYGT,EAELTGYGT,1.40E-05,61
MT872635,433,MHC-I,HLA-A*02:01,1,77,85,9,QGEPSLNEE,QGEPSLNEE,QGEPSLNEE,1.40E-05,61
MT872635,433,MHC-I,HLA-B*44:02,1,290,298,9,DKLQLKGMS,DKLQLKGMS,DKLQLKGMS,1.30E-05,50
MT872635,433,MHC-I,HLA-B*44:02,1,145,153,9,SGEEHAVGN,SGEEHAVGN,SGEEHAVGN,1.30E-05,50
MT872635,433,MHC-I,HLA-B*44:02,1,114,122,9,VTCAMFTCK,VTCAMFTCK,VTCAMFTCK,1.30E-05,50
MT872635,433,MHC-I,HLA-B*44:02,1,30,38,9,CVTTMAKNK,CVTTMAKNK,CVTTMAKNK,1.30E-05,50
MT872635,433,MHC-I,HLA-B*44:02,1,22,30,9,DIVLEHGSC,DIVLEHGSC,DIVLEHGSC,1.30E-05,50
MT872635,433,MHC-I,HLA-A*02:01,1,125,133,9,MEGKIVQPE,MEGKIVQPE,MEGKIVQPE,1.30E-05,62
MT872635,433,MHC-I,HLA-B*44:02,1,325,333,9,QYEGDGSPC,QYEGDGSPC,QYEGDGSPC,1.20E-05,52
MT872635,433,MHC-I,HLA-B*44:02,1,278,286,9,LFTGHLKCR,LFTGHLKCR,LFTGHLKCR,1.20E-05,52
MT872635,433,MHC-I,HLA-B*44:02,1,221,229,9,LPGADTQGS,LPGADTQGS,LPGADTQGS,1.20E-05,52
MT872635,433,MHC-I,HLA-B*44:02,1,121,129,9,CKKNMEGKI,CKKNMEGKI,CKKNMEGKI,1.20E-05,52
MT872635,433,MHC-I,HLA-B*44:02,1,34,42,9,MAKNKPTLD,MAKNKPTLD,MAKNKPTLD,1.20E-05,52
MT872635,433,MHC-I,HLA-B*44:02,1,16,24,9,SGGSWVDIV,SGGSWVDIV,SGGSWVDIV,1.20E-05,52
MT872635,433,MHC-I,HLA-A*02:01,1,375,383,9,DSYIIVGVE,DSYIIVGVE,DSYIIVGVE,1.20E-05,63
MT872635,433,MHC-I,HLA-A*02:01,1,240,248,9,FKNPHAKKQ,FKNPHAKKQ,FKNPHAKKQ,1.20E-05,63
MT872635,433,MHC-I,HLA-A*02:01,1,225,233,9,DTQGSNWIQ,DTQGSNWIQ,DTQGSNWIQ,1.20E-05,63
MT872635,433,MHC-I,HLA-A*02:01,1,194,202,9,NEMVLLQME,NEMVLLQME,NEMVLLQME,1.20E-05,63
MT872635,433,MHC-I,HLA-A*02:01,1,73,81,9,RCPTQGEPS,RCPTQGEPS,RCPTQGEPS,1.20E-05,63
MT872635,433,MHC-I,HLA-A*02:01,1,21,29,9,VDIVLEHGS,VDIVLEHGS,VDIVLEHGS,1.20E-05,63
MT872635,433,MHC-I,HLA-A*02:01,1,12,20,9,VEGVSGGSW,VEGVSGGSW,VEGVSGGSW,1.20E-05,63
MT872635,433,MHC-I,HLA-B*44:02,1,422,430,9,FGSLGGVFT,FGSLGGVFT,FGSLGGVFT,1.10E-05,53
MT872635,433,MHC-I,HLA-B*44:02,1,419,427,9,AWDFGSLGG,AWDFGSLGG,AWDFGSLGG,1.10E-05,53
MT872635,433,MHC-I,HLA-B*44:02,1,372,380,9,PFGDSYIIV,PFGDSYIIV,PFGDSYIIV,1.10E-05,53
MT872635,433,MHC-I,HLA-B*44:02,1,285,293,9,CRLRMDKLQ,CRLRMDKLQ,CRLRMDKLQ,1.10E-05,53
MT872635,433,MHC-I,HLA-B*44:02,1,273,281,9,SSGNLLFTG,SSGNLLFTG,SSGNLLFTG,1.10E-05,53
MT872635,433,MHC-I,HLA-B*44:02,1,272,280,9,MSSGNLLFT,MSSGNLLFT,MSSGNLLFT,1.10E-05,53
MT872635,433,MHC-I,HLA-B*44:02,1,218,226,9,LPWLPGADT,LPWLPGADT,LPWLPGADT,1.10E-05,53
MT872635,433,MHC-I,HLA-B*44:02,1,186,194,9,SPRTGLDFN,SPRTGLDFN,SPRTGLDFN,1.10E-05,53
MT872635,433,MHC-I,HLA-B*44:02,1,140,148,9,VITPHSGEE,VITPHSGEE,VITPHSGEE,1.10E-05,53
MT872635,433,MHC-I,HLA-B*44:02,1,119,127,9,FTCKKNMEG,FTCKKNMEG,FTCKKNMEG,1.10E-05,53
MT872635,433,MHC-I,HLA-B*44:02,1,29,37,9,SCVTTMAKN,SCVTTMAKN,SCVTTMAKN,1.10E-05,53
MT872635,433,MHC-I,HLA-A*02:01,1,360,368,9,EKDAPVNIE,EKDAPVNIE,EKDAPVNIE,1.10E-05,64
MT872635,433,MHC-I,HLA-A*02:01,1,355,363,9,NPIVTEKDA,NPIVTEKDA,NPIVTEKDA,1.10E-05,64
MT872635,433,MHC-I,HLA-A*02:01,1,66,74,9,TNTTTESRC,TNTTTESRC,TNTTTESRC,1.10E-05,64
MT872635,433,MHC-I,HLA-B*44:02,1,416,424,9,GDTAWDFGS,GDTAWDFGS,GDTAWDFGS,1.00E-05,55
MT872635,433,MHC-I,HLA-B*44:02,1,362,370,9,DAPVNIEAE,DAPVNIEAE,DAPVNIEAE,1.00E-05,55
MT872635,433,MHC-I,HLA-B*44:02,1,323,331,9,RVQYEGDGS,RVQYEGDGS,RVQYEGDGS,1.00E-05,55
MT872635,433,MHC-I,HLA-B*44:02,1,320,328,9,IVIRVQYEG,IVIRVQYEG,IVIRVQYEG,1.00E-05,55
MT872635,433,MHC-I,HLA-B*44:02,1,144,152,9,HSGEEHAVG,HSGEEHAVG,HSGEEHAVG,1.00E-05,55
MT872635,433,MHC-I,HLA-B*44:02,1,102,110,9,GNGCGLFGK,GNGCGLFGK,GNGCGLFGK,1.00E-05,55
MT872635,433,MHC-I,HLA-B*44:02,1,68,76,9,TTTESRCPT,TTTESRCPT,TTTESRCPT,1.00E-05,55
MT872635,433,MHC-I,HLA-A*02:01,1,356,364,9,PIVTEKDAP,PIVTEKDAP,PIVTEKDAP,1.00E-05,66
MT872635,433,MHC-I,HLA-A*02:01,1,132,140,9,PENLEYTIV,PENLEYTIV,PENLEYTIV,1.00E-05,66
MT872635,433,MHC-I,HLA-A*02:01,1,80,88,9,PSLNEEQDK,PSLNEEQDK,PSLNEEQDK,1.00E-05,66
MT872635,433,MHC-I,HLA-A*02:01,1,72,80,9,SRCPTQGEP,SRCPTQGEP,SRCPTQGEP,1.00E-05,66
MT872635,433,MHC-I,HLA-A*02:01,1,2,10,9,RCIGISNRD,RCIGISNRD,RCIGISNRD,1.00E-05,66
MT872635,433,MHC-I,HLA-B*44:02,1,395,403,9,GSSIGQMFE,GSSIGQMFE,GSSIGQMFE,9.00E-06,57
MT872635,433,MHC-I,HLA-B*44:02,1,378,386,9,IIVGVEPGQ,IIVGVEPGQ,IIVGVEPGQ,9.00E-06,57
MT872635,433,MHC-I,HLA-B*44:02,1,319,327,9,TIVIRVQYE,TIVIRVQYE,TIVIRVQYE,9.00E-06,57
MT872635,433,MHC-I,HLA-B*44:02,1,166,174,9,PQSSTTEAE,PQSSTTEAE,PQSSTTEAE,9.00E-06,57
MT872635,433,MHC-I,HLA-B*44:02,1,164,172,9,ITPQSSTTE,ITPQSSTTE,ITPQSSTTE,9.00E-06,57
MT872635,433,MHC-I,HLA-B*44:02,1,2,10,9,RCIGISNRD,RCIGISNRD,RCIGISNRD,9.00E-06,57
MT872635,433,MHC-I,HLA-A*02:01,1,392,400,9,FKKGSSIGQ,FKKGSSIGQ,FKKGSSIGQ,9.00E-06,67
MT872635,433,MHC-I,HLA-A*02:01,1,368,376,9,EAEPPFGDS,EAEPPFGDS,EAEPPFGDS,9.00E-06,67
MT872635,433,MHC-I,HLA-A*02:01,1,367,375,9,IEAEPPFGD,IEAEPPFGD,IEAEPPFGD,9.00E-06,67
MT872635,433,MHC-I,HLA-A*02:01,1,267,275,9,ATEIQMSSG,ATEIQMSSG,ATEIQMSSG,9.00E-06,67
MT872635,433,MHC-I,HLA-A*02:01,1,243,251,9,PHAKKQDVV,PHAKKQDVV,PHAKKQDVV,9.00E-06,67
MT872635,433,MHC-I,HLA-A*02:01,1,157,165,9,KHGKEIKIT,KHGKEIKIT,KHGKEIKIT,9.00E-06,67
MT872635,433,MHC-I,HLA-A*02:01,1,10,18,9,DFVEGVSGG,DFVEGVSGG,DFVEGVSGG,9.00E-06,67
MT872635,433,MHC-I,HLA-B*44:02,1,375,383,9,DSYIIVGVE,DSYIIVGVE,DSYIIVGVE,8.00E-06,59
MT872635,433,MHC-I,HLA-B*44:02,1,348,356,9,LGRLITVNP,LGRLITVNP,LGRLITVNP,8.00E-06,59
MT872635,433,MHC-I,HLA-B*44:02,1,184,192,9,ECSPRTGLD,ECSPRTGLD,ECSPRTGLD,8.00E-06,59
MT872635,433,MHC-I,HLA-B*44:02,1,159,167,9,GKEIKITPQ,GKEIKITPQ,GKEIKITPQ,8.00E-06,59
MT872635,433,MHC-I,HLA-B*44:02,1,110,118,9,KGGIVTCAM,KGGIVTCAM,KGGIVTCAM,8.00E-06,59
MT872635,433,MHC-I,HLA-B*44:02,1,58,66,9,KYCIEAKLT,KYCIEAKLT,KYCIEAKLT,8.00E-06,59
MT872635,433,MHC-I,HLA-B*44:02,1,18,26,9,GSWVDIVLE,GSWVDIVLE,GSWVDIVLE,8.00E-06,59
MT872635,433,MHC-I,HLA-B*44:02,1,8,16,9,NRDFVEGVS,NRDFVEGVS,NRDFVEGVS,8.00E-06,59
MT872635,433,MHC-I,HLA-B*44:02,1,6,14,9,ISNRDFVEG,ISNRDFVEG,ISNRDFVEG,8.00E-06,59
MT872635,433,MHC-I,HLA-A*02:01,1,358,366,9,VTEKDAPVN,VTEKDAPVN,VTEKDAPVN,8.00E-06,69
MT872635,433,MHC-I,HLA-A*02:01,1,336,344,9,PFEITDLEK,PFEITDLEK,PFEITDLEK,8.00E-06,69
MT872635,433,MHC-I,HLA-A*02:01,1,332,340,9,PCKIPFEIT,PCKIPFEIT,PCKIPFEIT,8.00E-06,69
MT872635,433,MHC-I,HLA-A*02:01,1,178,186,9,YGTVTMECS,YGTVTMECS,YGTVTMECS,8.00E-06,69
MT872635,433,MHC-I,HLA-A*02:01,1,100,108,9,GWGNGCGLF,GWGNGCGLF,GWGNGCGLF,8.00E-06,69
MT872635,433,MHC-I,HLA-A*02:01,1,71,79,9,ESRCPTQGE,ESRCPTQGE,ESRCPTQGE,8.00E-06,69
MT872635,433,MHC-I,HLA-A*02:01,1,36,44,9,KNKPTLDFE,KNKPTLDFE,KNKPTLDFE,8.00E-06,69
MT872635,433,MHC-I,HLA-B*44:02,1,410,418,9,KRMAILGDT,KRMAILGDT,KRMAILGDT,7.00E-06,62
MT872635,433,MHC-I,HLA-B*44:02,1,409,417,9,AKRMAILGD,AKRMAILGD,AKRMAILGD,7.00E-06,62
MT872635,433,MHC-I,HLA-B*44:02,1,408,416,9,GAKRMAILG,GAKRMAILG,GAKRMAILG,7.00E-06,62
MT872635,433,MHC-I,HLA-B*44:02,1,231,239,9,WIQKETLVT,WIQKETLVT,WIQKETLVT,7.00E-06,62
MT872635,433,MHC-I,HLA-B*44:02,1,180,188,9,TVTMECSPR,TVTMECSPR,TVTMECSPR,7.00E-06,62
MT872635,433,MHC-I,HLA-B*44:02,1,91,99,9,ICKHSMVDR,ICKHSMVDR,ICKHSMVDR,7.00E-06,62
MT872635,433,MHC-I,HLA-B*44:02,1,87,95,9,DKRFICKHS,DKRFICKHS,DKRFICKHS,7.00E-06,62
MT872635,433,MHC-I,HLA-A*02:01,1,389,397,9,LNWFKKGSS,LNWFKKGSS,LNWFKKGSS,7.00E-06,71
MT872635,433,MHC-I,HLA-A*02:01,1,209,217,9,HRQWFLDLP,HRQWFLDLP,HRQWFLDLP,7.00E-06,71
MT872635,433,MHC-I,HLA-A*02:01,1,144,152,9,HSGEEHAVG,HSGEEHAVG,HSGEEHAVG,7.00E-06,71
MT872635,433,MHC-I,HLA-A*02:01,1,78,86,9,GEPSLNEEQ,GEPSLNEEQ,GEPSLNEEQ,7.00E-06,71
MT872635,433,MHC-I,HLA-A*02:01,1,53,61,9,PATLRKYCI,PATLRKYCI,PATLRKYCI,7.00E-06,71
MT872635,433,MHC-I,HLA-A*02:01,1,34,42,9,MAKNKPTLD,MAKNKPTLD,MAKNKPTLD,7.00E-06,71
MT872635,433,MHC-I,HLA-B*44:02,1,306,314,9,FKIVKEIAE,FKIVKEIAE,FKIVKEIAE,6.00E-06,64
MT872635,433,MHC-I,HLA-B*44:02,1,107,115,9,LFGKGGIVT,LFGKGGIVT,LFGKGGIVT,6.00E-06,64
MT872635,433,MHC-I,HLA-B*44:02,1,24,32,9,VLEHGSCVT,VLEHGSCVT,VLEHGSCVT,6.00E-06,64
MT872635,433,MHC-I,HLA-A*02:01,1,410,418,9,KRMAILGDT,KRMAILGDT,KRMAILGDT,6.00E-06,73
MT872635,433,MHC-I,HLA-A*02:01,1,207,215,9,LVHRQWFLD,LVHRQWFLD,LVHRQWFLD,6.00E-06,73
MT872635,433,MHC-I,HLA-A*02:01,1,102,110,9,GNGCGLFGK,GNGCGLFGK,GNGCGLFGK,6.00E-06,73
MT872635,433,MHC-I,HLA-B*44:02,1,336,344,9,PFEITDLEK,PFEITDLEK,PFEITDLEK,5.00E-06,68
MT872635,433,MHC-I,HLA-B*44:02,1,283,291,9,LKCRLRMDK,LKCRLRMDK,LKCRLRMDK,5.00E-06,68
MT872635,433,MHC-I,HLA-B*44:02,1,134,142,9,NLEYTIVIT,NLEYTIVIT,NLEYTIVIT,5.00E-06,68
MT872635,433,MHC-I,HLA-B*44:02,1,60,68,9,CIEAKLTNT,CIEAKLTNT,CIEAKLTNT,5.00E-06,68
MT872635,433,MHC-I,HLA-B*44:02,1,54,62,9,ATLRKYCIE,ATLRKYCIE,ATLRKYCIE,5.00E-06,68
MT872635,433,MHC-I,HLA-B*44:02,1,20,28,9,WVDIVLEHG,WVDIVLEHG,WVDIVLEHG,5.00E-06,68
MT872635,433,MHC-I,HLA-A*02:01,1,282,290,9,HLKCRLRMD,HLKCRLRMD,HLKCRLRMD,5.00E-06,75
MT872635,433,MHC-I,HLA-A*02:01,1,151,159,9,VGNDTGKHG,VGNDTGKHG,VGNDTGKHG,5.00E-06,75
MT872635,433,MHC-I,HLA-A*02:01,1,58,66,9,KYCIEAKLT,KYCIEAKLT,KYCIEAKLT,5.00E-06,75
MT872635,433,MHC-I,HLA-A*02:01,1,29,37,9,SCVTTMAKN,SCVTTMAKN,SCVTTMAKN,5.00E-06,75
MT872635,433,MHC-I,HLA-B*44:02,1,391,399,9,WFKKGSSIG,WFKKGSSIG,WFKKGSSIG,4.00E-06,72
MT872635,433,MHC-I,HLA-B*44:02,1,387,395,9,LKLNWFKKG,LKLNWFKKG,LKLNWFKKG,4.00E-06,72
MT872635,433,MHC-I,HLA-B*44:02,1,366,374,9,NIEAEPPFG,NIEAEPPFG,NIEAEPPFG,4.00E-06,72
MT872635,433,MHC-I,HLA-B*44:02,1,358,366,9,VTEKDAPVN,VTEKDAPVN,VTEKDAPVN,4.00E-06,72
MT872635,433,MHC-I,HLA-B*44:02,1,354,362,9,VNPIVTEKD,VNPIVTEKD,VNPIVTEKD,4.00E-06,72
MT872635,433,MHC-I,HLA-B*44:02,1,351,359,9,LITVNPIVT,LITVNPIVT,LITVNPIVT,4.00E-06,72
MT872635,433,MHC-I,HLA-B*44:02,1,333,341,9,CKIPFEITD,CKIPFEITD,CKIPFEITD,4.00E-06,72
MT872635,433,MHC-I,HLA-B*44:02,1,295,303,9,KGMSYSMCT,KGMSYSMCT,KGMSYSMCT,4.00E-06,72
MT872635,433,MHC-I,HLA-B*44:02,1,294,302,9,LKGMSYSMC,LKGMSYSMC,LKGMSYSMC,4.00E-06,72
MT872635,433,MHC-I,HLA-B*44:02,1,241,249,9,KNPHAKKQD,KNPHAKKQD,KNPHAKKQD,4.00E-06,72
MT872635,433,MHC-I,HLA-B*44:02,1,215,223,9,DLPLPWLPG,DLPLPWLPG,DLPLPWLPG,4.00E-06,72
MT872635,433,MHC-I,HLA-B*44:02,1,14,22,9,GVSGGSWVD,GVSGGSWVD,GVSGGSWVD,4.00E-06,72
MT872635,433,MHC-I,HLA-B*44:02,1,5,13,9,GISNRDFVE,GISNRDFVE,GISNRDFVE,4.00E-06,72
MT872635,433,MHC-I,HLA-A*02:01,1,416,424,9,GDTAWDFGS,GDTAWDFGS,GDTAWDFGS,4.00E-06,78
MT872635,433,MHC-I,HLA-A*02:01,1,408,416,9,GAKRMAILG,GAKRMAILG,GAKRMAILG,4.00E-06,78
MT872635,433,MHC-I,HLA-A*02:01,1,294,302,9,LKGMSYSMC,LKGMSYSMC,LKGMSYSMC,4.00E-06,78
MT872635,433,MHC-I,HLA-A*02:01,1,260,268,9,MHTALTGAT,MHTALTGAT,MHTALTGAT,4.00E-06,78
MT872635,433,MHC-I,HLA-A*02:01,1,221,229,9,LPGADTQGS,LPGADTQGS,LPGADTQGS,4.00E-06,78
MT872635,433,MHC-I,HLA-A*02:01,1,203,211,9,DKAWLVHRQ,DKAWLVHRQ,DKAWLVHRQ,4.00E-06,78
MT872635,433,MHC-I,HLA-A*02:01,1,86,94,9,QDKRFICKH,QDKRFICKH,QDKRFICKH,4.00E-06,78
MT872635,433,MHC-I,HLA-B*44:02,1,347,355,9,VLGRLITVN,VLGRLITVN,VLGRLITVN,3.00E-06,77
MT872635,433,MHC-I,HLA-B*44:02,1,195,203,9,EMVLLQMED,EMVLLQMED,EMVLLQMED,3.00E-06,77
MT872635,433,MHC-I,HLA-B*44:02,1,105,113,9,CGLFGKGGI,CGLFGKGGI,CGLFGKGGI,3.00E-06,77
MT872635,433,MHC-I,HLA-B*44:02,1,96,104,9,MVDRGWGNG,MVDRGWGNG,MVDRGWGNG,3.00E-06,77
MT872635,433,MHC-I,HLA-B*44:02,1,94,102,9,HSMVDRGWG,HSMVDRGWG,HSMVDRGWG,3.00E-06,77
MT872635,433,MHC-I,HLA-B*44:02,1,92,100,9,CKHSMVDRG,CKHSMVDRG,CKHSMVDRG,3.00E-06,77
MT872635,433,MHC-I,HLA-B*44:02,1,73,81,9,RCPTQGEPS,RCPTQGEPS,RCPTQGEPS,3.00E-06,77
MT872635,433,MHC-I,HLA-B*44:02,1,53,61,9,PATLRKYCI,PATLRKYCI,PATLRKYCI,3.00E-06,77
MT872635,433,MHC-I,HLA-B*44:02,1,11,19,9,FVEGVSGGS,FVEGVSGGS,FVEGVSGGS,3.00E-06,77
MT872635,433,MHC-I,HLA-A*02:01,1,391,399,9,WFKKGSSIG,WFKKGSSIG,WFKKGSSIG,3.00E-06,82
MT872635,433,MHC-I,HLA-A*02:01,1,328,336,9,GDGSPCKIP,GDGSPCKIP,GDGSPCKIP,3.00E-06,82
MT872635,433,MHC-I,HLA-A*02:01,1,248,256,9,QDVVVLGSQ,QDVVVLGSQ,QDVVVLGSQ,3.00E-06,82
MT872635,433,MHC-I,HLA-A*02:01,1,234,242,9,KETLVTFKN,KETLVTFKN,KETLVTFKN,3.00E-06,82
MT872635,433,MHC-I,HLA-A*02:01,1,171,179,9,TEAELTGYG,TEAELTGYG,TEAELTGYG,3.00E-06,82
MT872635,433,MHC-I,HLA-A*02:01,1,145,153,9,SGEEHAVGN,SGEEHAVGN,SGEEHAVGN,3.00E-06,82
MT872635,433,MHC-I,HLA-A*02:01,1,8,16,9,NRDFVEGVS,NRDFVEGVS,NRDFVEGVS,3.00E-06,82
MT872635,433,MHC-I,HLA-B*44:02,1,413,421,9,AILGDTAWD,AILGDTAWD,AILGDTAWD,2.00E-06,84
MT872635,433,MHC-I,HLA-B*44:02,1,389,397,9,LNWFKKGSS,LNWFKKGSS,LNWFKKGSS,2.00E-06,84
MT872635,433,MHC-I,HLA-B*44:02,1,377,385,9,YIIVGVEPG,YIIVGVEPG,YIIVGVEPG,2.00E-06,84
MT872635,433,MHC-I,HLA-B*44:02,1,373,381,9,FGDSYIIVG,FGDSYIIVG,FGDSYIIVG,2.00E-06,84
MT872635,433,MHC-I,HLA-B*44:02,1,330,338,9,GSPCKIPFE,GSPCKIPFE,GSPCKIPFE,2.00E-06,84
MT872635,433,MHC-I,HLA-B*44:02,1,296,304,9,GMSYSMCTG,GMSYSMCTG,GMSYSMCTG,2.00E-06,84
MT872635,433,MHC-I,HLA-B*44:02,1,282,290,9,HLKCRLRMD,HLKCRLRMD,HLKCRLRMD,2.00E-06,84
MT872635,433,MHC-I,HLA-B*44:02,1,220,228,9,WLPGADTQG,WLPGADTQG,WLPGADTQG,2.00E-06,84
MT872635,433,MHC-I,HLA-B*44:02,1,219,227,9,PWLPGADTQ,PWLPGADTQ,PWLPGADTQ,2.00E-06,84
MT872635,433,MHC-I,HLA-B*44:02,1,116,124,9,CAMFTCKKN,CAMFTCKKN,CAMFTCKKN,2.00E-06,84
MT872635,433,MHC-I,HLA-B*44:02,1,104,112,9,GCGLFGKGG,GCGLFGKGG,GCGLFGKGG,2.00E-06,84
MT872635,433,MHC-I,HLA-B*44:02,1,103,111,9,NGCGLFGKG,NGCGLFGKG,NGCGLFGKG,2.00E-06,84
MT872635,433,MHC-I,HLA-A*02:01,1,384,392,9,PGQLKLNWF,PGQLKLNWF,PGQLKLNWF,2.00E-06,87
MT872635,433,MHC-I,HLA-A*02:01,1,382,390,9,VEPGQLKLN,VEPGQLKLN,VEPGQLKLN,2.00E-06,87
MT872635,433,MHC-I,HLA-A*02:01,1,333,341,9,CKIPFEITD,CKIPFEITD,CKIPFEITD,2.00E-06,87
MT872635,433,MHC-I,HLA-A*02:01,1,321,329,9,VIRVQYEGD,VIRVQYEGD,VIRVQYEGD,2.00E-06,87
MT872635,433,MHC-I,HLA-A*02:01,1,283,291,9,LKCRLRMDK,LKCRLRMDK,LKCRLRMDK,2.00E-06,87
MT872635,433,MHC-I,HLA-A*02:01,1,219,227,9,PWLPGADTQ,PWLPGADTQ,PWLPGADTQ,2.00E-06,87
MT872635,433,MHC-I,HLA-A*02:01,1,217,225,9,PLPWLPGAD,PLPWLPGAD,PLPWLPGAD,2.00E-06,87
MT872635,433,MHC-I,HLA-A*02:01,1,186,194,9,SPRTGLDFN,SPRTGLDFN,SPRTGLDFN,2.00E-06,87
MT872635,433,MHC-I,HLA-A*02:01,1,159,167,9,GKEIKITPQ,GKEIKITPQ,GKEIKITPQ,2.00E-06,87
MT872635,433,MHC-I,HLA-A*02:01,1,148,156,9,EHAVGNDTG,EHAVGNDTG,EHAVGNDTG,2.00E-06,87
MT872635,433,MHC-I,HLA-A*02:01,1,147,155,9,EEHAVGNDT,EEHAVGNDT,EEHAVGNDT,2.00E-06,87
MT872635,433,MHC-I,HLA-A*02:01,1,121,129,9,CKKNMEGKI,CKKNMEGKI,CKKNMEGKI,2.00E-06,87
MT872635,433,MHC-I,HLA-A*02:01,1,118,126,9,MFTCKKNME,MFTCKKNME,MFTCKKNME,2.00E-06,87
MT872635,433,MHC-I,HLA-A*02:01,1,116,124,9,CAMFTCKKN,CAMFTCKKN,CAMFTCKKN,2.00E-06,87
MT872635,433,MHC-I,HLA-A*02:01,1,101,109,9,WGNGCGLFG,WGNGCGLFG,WGNGCGLFG,2.00E-06,87
MT872635,433,MHC-I,HLA-B*44:02,1,425,433,9,LGGVFTSIG,LGGVFTSIG,LGGVFTSIG,1.00E-06,94
MT872635,433,MHC-I,HLA-B*44:02,1,415,423,9,LGDTAWDFG,LGDTAWDFG,LGDTAWDFG,1.00E-06,94
MT872635,433,MHC-I,HLA-B*44:02,1,364,372,9,PVNIEAEPP,PVNIEAEPP,PVNIEAEPP,1.00E-06,94
MT872635,433,MHC-I,HLA-B*44:02,1,356,364,9,PIVTEKDAP,PIVTEKDAP,PIVTEKDAP,1.00E-06,94
MT872635,433,MHC-I,HLA-B*44:02,1,332,340,9,PCKIPFEIT,PCKIPFEIT,PCKIPFEIT,1.00E-06,94
MT872635,433,MHC-I,HLA-B*44:02,1,322,330,9,IRVQYEGDG,IRVQYEGDG,IRVQYEGDG,1.00E-06,94
MT872635,433,MHC-I,HLA-B*44:02,1,321,329,9,VIRVQYEGD,VIRVQYEGD,VIRVQYEGD,1.00E-06,94
MT872635,433,MHC-I,HLA-B*44:02,1,222,230,9,PGADTQGSN,PGADTQGSN,PGADTQGSN,1.00E-06,94
MT872635,433,MHC-I,HLA-B*44:02,1,207,215,9,LVHRQWFLD,LVHRQWFLD,LVHRQWFLD,1.00E-06,94
MT872635,433,MHC-I,HLA-B*44:02,1,187,195,9,PRTGLDFNE,PRTGLDFNE,PRTGLDFNE,1.00E-06,94
MT872635,433,MHC-I,HLA-B*44:02,1,178,186,9,YGTVTMECS,YGTVTMECS,YGTVTMECS,1.00E-06,94
MT872635,433,MHC-I,HLA-B*44:02,1,118,126,9,MFTCKKNME,MFTCKKNME,MFTCKKNME,1.00E-06,94
MT872635,433,MHC-I,HLA-B*44:02,1,113,121,9,IVTCAMFTC,IVTCAMFTC,IVTCAMFTC,1.00E-06,94
MT872635,433,MHC-I,HLA-B*44:02,1,112,120,9,GIVTCAMFT,GIVTCAMFT,GIVTCAMFT,1.00E-06,94
MT872635,433,MHC-I,HLA-B*44:02,1,101,109,9,WGNGCGLFG,WGNGCGLFG,WGNGCGLFG,1.00E-06,94
MT872635,433,MHC-I,HLA-B*44:02,1,98,106,9,DRGWGNGCG,DRGWGNGCG,DRGWGNGCG,1.00E-06,94
MT872635,433,MHC-I,HLA-B*44:02,1,90,98,9,FICKHSMVD,FICKHSMVD,FICKHSMVD,1.00E-06,94
MT872635,433,MHC-I,HLA-B*44:02,1,75,83,9,PTQGEPSLN,PTQGEPSLN,PTQGEPSLN,1.00E-06,94
MT872635,433,MHC-I,HLA-A*02:01,1,425,433,9,LGGVFTSIG,LGGVFTSIG,LGGVFTSIG,1.00E-06,95
MT872635,433,MHC-I,HLA-A*02:01,1,415,423,9,LGDTAWDFG,LGDTAWDFG,LGDTAWDFG,1.00E-06,95
MT872635,433,MHC-I,HLA-A*02:01,1,387,395,9,LKLNWFKKG,LKLNWFKKG,LKLNWFKKG,1.00E-06,95
MT872635,433,MHC-I,HLA-A*02:01,1,354,362,9,VNPIVTEKD,VNPIVTEKD,VNPIVTEKD,1.00E-06,95
MT872635,433,MHC-I,HLA-A*02:01,1,285,293,9,CRLRMDKLQ,CRLRMDKLQ,CRLRMDKLQ,1.00E-06,95
MT872635,433,MHC-I,HLA-A*02:01,1,268,276,9,TEIQMSSGN,TEIQMSSGN,TEIQMSSGN,1.00E-06,95
MT872635,433,MHC-I,HLA-A*02:01,1,222,230,9,PGADTQGSN,PGADTQGSN,PGADTQGSN,1.00E-06,95
MT872635,433,MHC-I,HLA-A*02:01,1,187,195,9,PRTGLDFNE,PRTGLDFNE,PRTGLDFNE,1.00E-06,95
MT872635,433,MHC-I,HLA-A*02:01,1,184,192,9,ECSPRTGLD,ECSPRTGLD,ECSPRTGLD,1.00E-06,95
MT872635,433,MHC-I,HLA-A*02:01,1,153,161,9,NDTGKHGKE,NDTGKHGKE,NDTGKHGKE,1.00E-06,95
MT872635,433,MHC-I,HLA-A*02:01,1,126,134,9,EGKIVQPEN,EGKIVQPEN,EGKIVQPEN,1.00E-06,95
MT872635,433,MHC-I,HLA-A*02:01,1,104,112,9,GCGLFGKGG,GCGLFGKGG,GCGLFGKGG,1.00E-06,95
MT872635,433,MHC-I,HLA-A*02:01,1,103,111,9,NGCGLFGKG,NGCGLFGKG,NGCGLFGKG,1.00E-06,95
MT872635,433,MHC-I,HLA-A*02:01,1,94,102,9,HSMVDRGWG,HSMVDRGWG,HSMVDRGWG,1.00E-06,95
MT872635,433,MHC-I,HLA-A*02:01,1,79,87,9,EPSLNEEQD,EPSLNEEQD,EPSLNEEQD,1.00E-06,95
MT872635,433,MHC-I,HLA-A*02:01,1,75,83,9,PTQGEPSLN,PTQGEPSLN,PTQGEPSLN,1.00E-06,95
MT872635,433,MHC-I,HLA-A*02:01,1,70,78,9,TESRCPTQG,TESRCPTQG,TESRCPTQG,1.00E-06,95
MT872635,433,MHC-I,HLA-B*44:02,1,217,225,9,PLPWLPGAD,PLPWLPGAD,PLPWLPGAD,0,100
MT872635,433,MHC-I,HLA-A*02:01,1,409,417,9,AKRMAILGD,AKRMAILGD,AKRMAILGD,0,100
MT872635,433,MHC-I,HLA-A*02:01,1,322,330,9,IRVQYEGDG,IRVQYEGDG,IRVQYEGDG,0,100
MT872635,433,MHC-I,HLA-A*02:01,1,290,298,9,DKLQLKGMS,DKLQLKGMS,DKLQLKGMS,0,100
MT872635,433,MHC-I,HLA-A*02:01,1,241,249,9,KNPHAKKQD,KNPHAKKQD,KNPHAKKQD,0,100
MT872635,433,MHC-I,HLA-A*02:01,1,146,154,9,GEEHAVGND,GEEHAVGND,GEEHAVGND,0,100
MT872635,433,MHC-I,HLA-A*02:01,1,98,106,9,DRGWGNGCG,DRGWGNGCG,DRGWGNGCG,0,100
MT872635,433,MHC-I,HLA-A*02:01,1,92,100,9,CKHSMVDRG,CKHSMVDRG,CKHSMVDRG,0,100
MT872635,433,MHC-I,HLA-A*02:01,1,87,95,9,DKRFICKHS,DKRFICKHS,DKRFICKHS,0,100